Casal2 (https://github.com/alistairdunn1/CASAL2)
Call: casal2 -e 
Date: Tue Aug 22 09:15:48 2023
Seed: 20947
Version: v23.07 (2023-07-11)
Copyright (c) 2017-2023, NIWA (www.niwa.co.nz)
Environment: User=Doug.Kinzey Machine=SWC-DKINZEY-D OS=Windows_NT PID=21184


*initialisation_partition[Equilibrium_state]
values {dataframe_with_row_labels}
category 1 2 3 4 5 6
KRILL 0.000000 7033926155318.192383 2587636823259.649414 951938388495.406372 350198562389.333618 203807406089.716827
*end

*estimate_value[summary]
values {dataframe}
process[Recruitment].b0 selectivity[Fsh_lf_Sel].a50 selectivity[Fsh_lf_Sel].ato95 selectivity[AMLR_lf_Sel].a50 selectivity[AMLR_lf_Sel].ato95 selectivity[AMLR_ac_Sel].a50 selectivity[AMLR_ac_Sel].ato95 selectivity[Fsh_ac_Sel].a50 selectivity[Fsh_ac_Sel].ato95 parameter_transformation[SimplexYCS].simplex{1} parameter_transformation[SimplexYCS].simplex{2} parameter_transformation[SimplexYCS].simplex{3} parameter_transformation[SimplexYCS].simplex{4} parameter_transformation[SimplexYCS].simplex{5} parameter_transformation[SimplexYCS].simplex{6} parameter_transformation[SimplexYCS].simplex{7} parameter_transformation[SimplexYCS].simplex{8} parameter_transformation[SimplexYCS].simplex{9} parameter_transformation[SimplexYCS].simplex{10} parameter_transformation[SimplexYCS].simplex{11} parameter_transformation[SimplexYCS].simplex{12} parameter_transformation[SimplexYCS].simplex{13} parameter_transformation[SimplexYCS].simplex{14} parameter_transformation[SimplexYCS].simplex{15} parameter_transformation[SimplexYCS].simplex{16} parameter_transformation[SimplexYCS].simplex{17} parameter_transformation[SimplexYCS].simplex{18} parameter_transformation[SimplexYCS].simplex{19} parameter_transformation[SimplexYCS].simplex{20} parameter_transformation[SimplexYCS].simplex{21} parameter_transformation[SimplexYCS].simplex{22} parameter_transformation[SimplexYCS].simplex{23} parameter_transformation[SimplexYCS].simplex{24} parameter_transformation[SimplexYCS].simplex{25} parameter_transformation[SimplexYCS].simplex{26} parameter_transformation[SimplexYCS].simplex{27} parameter_transformation[SimplexYCS].simplex{28} parameter_transformation[SimplexYCS].simplex{29} parameter_transformation[SimplexYCS].simplex{30} parameter_transformation[SimplexYCS].simplex{31} parameter_transformation[SimplexYCS].simplex{32} parameter_transformation[SimplexYCS].simplex{33} parameter_transformation[SimplexYCS].simplex{34} parameter_transformation[SimplexYCS].simplex{35} parameter_transformation[SimplexYCS].simplex{36} parameter_transformation[SimplexYCS].simplex{37} parameter_transformation[SimplexYCS].simplex{38} parameter_transformation[SimplexYCS].simplex{39} parameter_transformation[SimplexYCS].simplex{40} parameter_transformation[SimplexYCS].simplex{41} parameter_transformation[SimplexYCS].simplex{42} parameter_transformation[SimplexYCS].simplex{43} parameter_transformation[SimplexYCS].simplex{44} 
3.93269e+06 33.1441 2.52572e-07 44.1439 19.0467 1.09398e-06 3.82571e-07 2.66327 4.64221 -0.644105 -0.841378 -0.270273 -0.552194 -0.574655 -1.46154 -0.424764 0.131138 0.596457 -0.981342 -0.907906 0.0858542 -0.874417 -1.02448 0.222197 0.792585 1.16037 0.429965 -0.275951 -2.22061 0.655846 0.633768 -0.197735 -0.99902 -2.89319 -1.51348 0.488097 0.942089 -0.944522 -1.95341 -1.83876 0.471163 0.826626 -0.0768666 -0.516859 0.536717 -0.831976 -0.0910812 0.270986 -0.778232 -0.437206 0.542707 -0.784438 -0.827724 
*end

*objective_function[objective]
values {vector}
observation->synop_biom->2000 -1.48747
observation->synop_biom->2019 -1.90954
observation->AMLRsrv->1996 0.241077
observation->AMLRsrv->1997 0.754819
observation->AMLRsrv->1998 -0.0942557
observation->AMLRsrv->1999 -0.109449
observation->AMLRsrv->2000 1.25098
observation->AMLRsrv->2001 -0.243681
observation->AMLRsrv->2002 0.916765
observation->AMLRsrv->2003 -0.242457
observation->AMLRsrv->2004 1.54847
observation->AMLRsrv->2005 -0.0212731
observation->AMLRsrv->2006 -0.103669
observation->AMLRsrv->2007 1.09417
observation->AMLRsrv->2008 -0.229996
observation->AMLRsrv->2009 -0.234138
observation->AMLRsrv->2010 0.700367
observation->AMLRsrv->2011 -0.16726
observation->FsrvBiomass->2014 -0.0538331
observation->FsrvBiomass->2015 -0.00104852
observation->FsrvBiomass->2016 -0.102149
observation->FsrvBiomass->2018 -0.0665584
observation->FsrvBiomass->2019 0.121653
observation->FsrvBiomass->2020 0.337374
observation->ProportionAtLength_Fshry->2011 -0.215368
observation->ProportionAtLength_Fshry->2012 -8.70095
observation->ProportionAtLength_Fshry->2013 -42.9597
observation->ProportionAtLength_Fshry->2014 -40.096
observation->ProportionAtLength_Fshry->2015 -13.0486
observation->ProportionAtLength_Fshry->2016 -40.2945
observation->ProportionAtLength_Fshry->2018 -19.1064
observation->ProportionAtLength_Fshry->2019 -3.04426
observation->ProportionAtLength_trawl->1991 4.16122
observation->ProportionAtLength_trawl->1992 -27.0184
observation->ProportionAtLength_trawl->1993 -2.07641
observation->ProportionAtLength_trawl->1994 18.382
observation->ProportionAtLength_trawl->1995 -11.6617
observation->ProportionAtLength_trawl->1996 -41.1953
observation->ProportionAtLength_trawl->1997 -22.8025
observation->ProportionAtLength_trawl->1998 -23.6516
observation->ProportionAtLength_trawl->1999 16.9225
observation->ProportionAtLength_trawl->2000 36.0633
observation->ProportionAtLength_trawl->2001 -36.5084
observation->ProportionAtLength_trawl->2002 -4.23101
observation->ProportionAtLength_trawl->2003 -31.8351
observation->ProportionAtLength_trawl->2004 -6.06553
observation->ProportionAtLength_trawl->2005 8.03477
observation->ProportionAtLength_trawl->2006 -4.95936
observation->ProportionAtLength_trawl->2007 -7.50081
observation->ProportionAtLength_trawl->2008 -33.5842
observation->ProportionAtLength_trawl->2009 -3.53724
observation->ProportionAtLength_trawl->2010 10.2357
observation->ProportionAtLength_trawl->2011 -25.9536
observation->ProportionAtLength_German->1981 14.322
observation->ProportionAtLength_German->1982 -21.4944
observation->ProportionAtLength_German->1984 32.6965
observation->ProportionAtLength_German->1985 18.5623
observation->ProportionAtLength_German->1986 5.31908
observation->ProportionAtLength_German->1987 13.6652
penalty->CatchMustBeTaken1 0
prior->B0->process[Recruitment].b0 15.1848
prior->Fsh_lf_Sel_a50->selectivity[Fsh_lf_Sel].a50 0
prior->Fsh_lf_Sel_ato95->selectivity[Fsh_lf_Sel].ato95 0
prior->AMLR_lf_Sel_a50->selectivity[AMLR_lf_Sel].a50 0
prior->AMLR_lf_Sel_ato95->selectivity[AMLR_lf_Sel].ato95 0
prior->AMLR_ac_Sel_a50->selectivity[AMLR_ac_Sel].a50 0
prior->AMLR_ac_Sel_ato95->selectivity[AMLR_ac_Sel].ato95 0
prior->Fsh_ac_Sel_a50->selectivity[Fsh_ac_Sel].a50 0
prior->Fsh_ac_Sel_ato95->selectivity[Fsh_ac_Sel].ato95 0
prior->parameter_transformation[SimplexYCS].simplex{1} -0.632669
prior->parameter_transformation[SimplexYCS].simplex{2} -0.795621
prior->parameter_transformation[SimplexYCS].simplex{3} -0.189696
prior->parameter_transformation[SimplexYCS].simplex{4} -0.510417
prior->parameter_transformation[SimplexYCS].simplex{5} -0.522862
prior->parameter_transformation[SimplexYCS].simplex{6} -1.11873
prior->parameter_transformation[SimplexYCS].simplex{7} -0.321418
prior->parameter_transformation[SimplexYCS].simplex{8} 0.473961
prior->parameter_transformation[SimplexYCS].simplex{9} 1.30011
prior->parameter_transformation[SimplexYCS].simplex{10} -0.867097
prior->parameter_transformation[SimplexYCS].simplex{11} -0.797717
prior->parameter_transformation[SimplexYCS].simplex{12} 0.415854
prior->parameter_transformation[SimplexYCS].simplex{13} -0.757576
prior->parameter_transformation[SimplexYCS].simplex{14} -0.86017
prior->parameter_transformation[SimplexYCS].simplex{15} 0.701317
prior->parameter_transformation[SimplexYCS].simplex{16} 1.76905
prior->parameter_transformation[SimplexYCS].simplex{17} 2.46561
prior->parameter_transformation[SimplexYCS].simplex{18} 0.840274
prior->parameter_transformation[SimplexYCS].simplex{19} -0.243644
prior->parameter_transformation[SimplexYCS].simplex{20} -1.10198
prior->parameter_transformation[SimplexYCS].simplex{21} 1.29526
prior->parameter_transformation[SimplexYCS].simplex{22} 1.1773
prior->parameter_transformation[SimplexYCS].simplex{23} -0.181769
prior->parameter_transformation[SimplexYCS].simplex{24} -0.933106
prior->parameter_transformation[SimplexYCS].simplex{25} -0.677114
prior->parameter_transformation[SimplexYCS].simplex{26} -1.13185
prior->parameter_transformation[SimplexYCS].simplex{27} 1.06767
prior->parameter_transformation[SimplexYCS].simplex{28} 1.84948
prior->parameter_transformation[SimplexYCS].simplex{29} -0.892195
prior->parameter_transformation[SimplexYCS].simplex{30} -1.17126
prior->parameter_transformation[SimplexYCS].simplex{31} -1.17796
prior->parameter_transformation[SimplexYCS].simplex{32} 1.08141
prior->parameter_transformation[SimplexYCS].simplex{33} 1.62177
prior->parameter_transformation[SimplexYCS].simplex{34} 0.0073039
prior->parameter_transformation[SimplexYCS].simplex{35} -0.495072
prior->parameter_transformation[SimplexYCS].simplex{36} 0.977258
prior->parameter_transformation[SimplexYCS].simplex{37} -0.795414
prior->parameter_transformation[SimplexYCS].simplex{38} 0.0506663
prior->parameter_transformation[SimplexYCS].simplex{39} 0.553812
prior->parameter_transformation[SimplexYCS].simplex{40} -0.696493
prior->parameter_transformation[SimplexYCS].simplex{41} -0.248695
prior->parameter_transformation[SimplexYCS].simplex{42} 1.05543
prior->parameter_transformation[SimplexYCS].simplex{43} -0.600282
prior->parameter_transformation[SimplexYCS].simplex{44} -0.280682
prior->parameter_transformation[SimplexYCS].simplex{45} 1.03169
additional_prior->smooth_YCS 0
additional_prior->synop_biomass_q 4.67913e-10
additional_prior->AMLR_q 0.769977
additional_prior->FsrvBiomass_q 0.538452
jacobian->SimplexYCS 185.534
total_score -87.5165
*end

*hessian_matrix[Hessian]
hessian_matrix {matrix}
6.63837e-12 1.11943e-07 0.000641346 -2.40062e-08 5.96857e-09 0.000505709 3.05804e-05 6.6544e-08 -4.25402e-08 -3.36368e-07 -2.68761e-07 -5.31855e-07 -3.78453e-07 -2.25668e-07 -1.6738e-07 -5.29433e-07 -7.84253e-07 -1.46258e-06 -3.21434e-07 -3.06022e-07 -8.96135e-07 -3.06844e-07 -3.87391e-07 -1.20258e-06 -1.74954e-06 -2.56054e-06 -1.65824e-06 -5.58335e-07 -1.67792e-08 -7.58875e-07 -1.3698e-07 6.59501e-07 1.33667e-06 1.73787e-07 -4.93352e-07 -1.97402e-06 -2.47421e-06 -5.53073e-07 -8.4028e-08 -1.47892e-07 -2.07863e-06 -3.0479e-06 -1.58534e-06 -9.12317e-07 -3.28654e-06 -9.82969e-07 -1.90675e-06 -2.83455e-06 -9.66895e-07 -5.53094e-07 2.22464e-06 2.4721e-06 2.6737e-06 
1.11943e-07 0.591548 -214.611 -0.00778971 -0.00403161 -109.019 56.2065 -0.0438469 -0.00541785 -0.017277 -0.00607787 -0.0111407 -0.0148483 -0.0110665 -0.00163132 0.00589949 -0.0417544 -0.0331752 -0.0111326 -0.00605747 -0.0400089 -0.0117489 -0.0165563 -0.0359546 -0.073463 -0.0680489 -0.0485354 -0.0234293 0.0010023 -0.0323536 -0.0151597 -0.0211302 -0.00499663 -0.0215997 -0.011649 -0.0424925 -0.0916508 -0.020988 -0.00275534 -0.00230465 -0.0783363 -0.161677 -0.0640579 -0.053399 -0.211591 -0.0056532 -0.0627044 -0.169078 -0.0454087 -0.00719455 0.00203967 0.0342382 0.0244089 
0.000641346 -214.611 6.3445e+09 14.2781 25.9432 -312104 523618 -215.621 -19.9204 -91.6345 -243.808 11.2045 -75.3532 -34.3546 -54.6534 21.742 -235.711 -33.6083 -79.3476 96.1539 -291.93 -68.7108 -126.262 -512.171 -594.621 -7.83257 323.073 -521.955 -184.779 57.5238 -227.817 -456.918 210.276 -197.052 -705.295 416.441 -229.539 -165.02 126.43 -62.69 -680.035 -1595.68 -488.084 -304.682 -1660.65 -274.261 -684.24 -1082.57 -275.91 -245.325 -258.968 309.929 128.375 
-2.40062e-08 -0.00778971 14.2781 0.460096 -0.449683 -48.4286 -1.54716 -0.00241963 0.00176009 0.0136955 0.00916953 0.0374677 0.119233 0.0627631 -0.0221375 -0.117092 0.105973 -0.0847977 0.00694368 -0.0197065 -0.00646658 0.0146595 0.0362781 0.238231 0.45874 0.492072 0.0700851 -0.324482 -0.0477006 0.0741213 0.14261 -0.00119927 -0.194567 -0.0335672 -0.352538 0.283296 0.242029 -0.180776 -0.137125 -0.0905748 0.0893862 0.0889157 0.0221906 0.0107343 -0.186768 0.0184305 0.0305189 0.0297216 -0.00883733 -0.000228908 -0.0283126 -0.0299485 0.00324525 
5.96857e-09 -0.00403161 25.9432 -0.449683 0.733187 -241.248 -0.829253 -0.000858452 0.000591397 0.00105944 0.0148821 -0.023662 -0.10272 -0.151047 -0.00473526 0.224022 -0.14151 0.0908235 0.0167963 0.0128128 0.0586535 0.0100961 -0.0110727 -0.222959 -0.539855 -0.355752 0.0317385 -0.0142729 0.0528314 0.194119 -0.0804581 -0.0552441 -0.13719 0.0398584 0.406671 -0.169862 -0.200699 0.0954978 0.21815 0.0502596 -0.214422 0.100564 -0.0542099 -0.0768721 0.451263 0.0169874 0.00505505 0.0753292 0.0360358 0.0282869 0.033774 0.00171895 -0.0245466 
0.000505709 -109.019 -312104 -48.4286 -241.248 9.36328e+08 438610 -66.2124 121.727 -120.053 -99.8086 -70.3309 24.8529 -199.111 -24.2181 -103.09 -120.023 32.2782 -81.3732 97.6162 -564.431 -96.0565 -107.155 -486.077 -723.864 -122.247 -264.61 233.682 -231.681 60.582 1197.39 -279.172 568.594 -747.833 150.573 -422.768 15.9958 -454.303 59.7107 -166.649 -371.266 -1127.8 -519.821 -372.333 -596.483 -368.817 -717.524 -703.941 -368.238 -222.496 -330.862 317.178 -81.3648 
3.05804e-05 56.2065 523618 -1.54716 -0.829253 438610 52172.7 44.3063 -27.4032 -2.81383 -0.549542 -2.56772 -1.95071 -1.81421 0.752688 -2.27421 -13.4848 -8.13345 -2.93965 -2.98554 -7.93468 -2.08826 -4.24969 -10.4052 -26.2346 -10.8404 -8.65184 -3.35638 -4.44934 -6.06515 4.65627 -2.40593 3.11149 -13.2266 0.46044 -17.4608 -16.6804 -13.768 -3.74141 -1.74765 -24.3671 -56.8986 -13.8353 -14.8287 -65.6072 -7.35406 -23.8189 -62.9166 -19.0437 -4.4694 -17.6189 6.03864 3.66059 
6.6544e-08 -0.0438469 -215.621 -0.00241963 -0.000858452 -66.2124 44.3063 0.18843 -0.102417 -0.00294647 0.000854781 -0.0048671 -0.0010781 -0.00169855 0.0036656 -0.0111322 -0.0328986 -0.0167216 -0.00619844 -0.00901539 -0.011637 -0.00266304 -0.00878313 -0.0228444 -0.0665907 -0.0114546 -0.0115811 -0.00217115 -0.0169563 -0.00936979 0.0219986 0.000797292 0.0131719 -0.0397515 0.00699129 -0.0475805 -0.0235264 -0.0426809 -0.0133072 -0.00528994 -0.0576416 -0.143558 -0.0237107 -0.0324993 -0.155781 -0.0248668 -0.0619718 -0.164511 -0.0520827 -0.0134678 -0.067384 0.00739581 0.00343355 
-4.25402e-08 -0.00541785 -19.9204 0.00176009 0.000591397 121.727 -27.4032 -0.102417 0.0571536 0.00250907 -0.000194279 0.00329317 0.0014523 0.00150343 -0.00201523 0.00599019 0.0204461 0.0111526 0.0040192 0.00535374 0.00845067 0.00207624 0.0057095 0.0147206 0.040825 0.00989445 0.0089848 0.00206877 0.00942722 0.00702801 -0.0112679 0.000358335 -0.00724148 0.0232372 -0.00339802 0.0287764 0.0178507 0.0249475 0.00753643 0.00308991 0.0358664 0.0877127 0.0164717 0.0207578 0.0968472 0.0140938 0.0375694 0.0998884 0.0311825 0.00793301 0.0371581 -0.00581837 -0.00321054 
-3.36368e-07 -0.017277 -91.6345 0.0136955 0.00105944 -120.053 -2.81383 -0.00294647 0.00250907 0.951042 0.0362883 0.0334195 0.0148893 -0.0685007 0.0045194 0.0047659 0.0841938 0.0616639 0.0173407 -0.0279828 0.0454737 0.0478862 0.00666993 0.0491123 0.0593582 0.209196 0.0467482 0.0435226 -0.0246346 0.0767584 0.0972536 -0.0847623 -0.102521 -0.0375639 0.0764423 0.0906398 0.17712 -0.0173074 0.0207091 0.0299912 0.0974505 0.185181 0.0881549 0.0444581 0.180047 0.0280456 0.130615 0.172028 0.0435376 0.00927547 -0.125881 -0.135764 -0.122497 
-2.68761e-07 -0.00607787 -243.808 0.00916953 0.0148821 -99.8086 -0.549542 0.000854781 -0.000194279 0.0362883 1.1259 0.0170751 -0.0105591 -0.0924884 -0.0279811 -0.0386618 0.0728698 0.0576276 0.0055913 -0.00230648 0.0533769 0.0151289 0.00809244 0.0814799 -0.0496416 0.14659 0.0638891 0.0142376 -0.0337889 -0.0254551 -0.0094346 0.141974 -0.131845 -0.0370868 0.230975 0.0136653 0.173024 -0.000780308 -0.00453168 0.0462036 -0.0146475 0.138318 0.128846 0.0402837 0.126264 0.0516804 0.105168 0.140504 -0.0105417 0.0116857 -0.0969555 -0.110521 -0.0941663 
-5.31855e-07 -0.0111407 11.2045 0.0374677 -0.023662 -70.3309 -2.56772 -0.0048671 0.00329317 0.0334195 0.0170751 1.37682 -0.186603 -0.354857 0.0408334 0.107417 0.0850442 0.144916 0.0130361 0.00493699 0.10735 0.0530718 0.0585759 0.111797 0.140602 0.188024 0.137809 0.0988329 0.00697639 0.0815941 0.00529275 -0.204271 -0.109066 -0.0837249 0.0689728 0.166896 0.13983 -0.0362279 0.0421082 0.045313 0.146572 0.287364 0.138362 0.0827924 0.230604 0.0792849 0.157221 0.188531 0.0299067 -0.0117099 -0.18603 -0.173271 -0.164449 
-3.78453e-07 -0.0148483 -75.3532 0.119233 -0.10272 24.8529 -1.95071 -0.0010781 0.0014523 0.0148893 -0.0105591 -0.186603 3.11351 -1.09253 -0.444005 -0.259991 0.210989 -0.155165 0.0512555 0.00138393 0.0903237 0.0118063 0.00952425 -0.0903542 0.072392 0.36472 0.15189 0.00942971 -0.0562461 0.141015 -0.221028 0.341278 -0.37335 0.00215199 -0.105565 0.222787 0.324538 0.0421001 -0.102823 -0.0270046 0.26603 0.193534 0.089725 -0.166719 0.295634 0.1035 -0.00866842 0.181484 0.0609512 0.0530185 -0.140508 -0.177118 -0.138984 
-2.25668e-07 -0.0110665 -34.3546 0.0627631 -0.151047 -199.111 -1.81421 -0.00169855 0.00150343 -0.0685007 -0.0924884 -0.354857 -1.09253 4.29278 -0.839013 -0.832044 -0.338481 0.285658 0.0193411 0.0300465 -0.0637909 0.00116272 0.0257724 0.152237 0.270067 0.0629661 0.0697587 -0.0458562 0.00734615 0.000196047 -0.209604 0.321718 0.38302 0.0761566 -0.214675 -0.0449775 -0.0612089 0.171206 -0.153046 -0.0739383 -0.104707 0.39446 -0.0338911 0.13715 0.180559 0.0627758 0.0784035 0.145969 0.0228439 0.0120533 -0.0586072 -0.090414 -0.154213 
-1.6738e-07 -0.00163132 -54.6534 -0.0221375 -0.00473526 -24.2181 0.752688 0.0036656 -0.00201523 0.0045194 -0.0279811 0.0408334 -0.444005 -0.839013 2.80472 -0.512052 0.0738901 -0.109952 -0.0119375 0.015799 0.047177 0.0479992 0.0452677 0.126683 -0.156953 0.152108 0.0362153 0.0610628 -0.0385854 0.109705 -0.0414117 -0.217294 -0.160607 -0.0929202 0.140554 -0.0190469 0.116105 -0.128817 0.0710618 -0.0344611 -0.00491458 -0.100269 0.0743113 0.287243 0.0250954 0.00416769 0.136998 0.00114264 -0.00161337 -0.0220911 -0.0836596 -0.0475803 -0.0219069 
-5.29433e-07 0.00589949 21.742 -0.117092 0.224022 -103.09 -2.27421 -0.0111322 0.00599019 0.0047659 -0.0386618 0.107417 -0.259991 -0.832044 -0.512052 3.03966 -0.221609 -0.154832 -0.00046644 0.0431743 0.139179 0.0425409 0.035263 -0.00320841 0.169268 0.287211 0.309604 -0.0675278 0.0674546 0.0298057 0.0750591 -0.385403 -0.225515 0.024153 0.188613 0.251216 0.237942 -0.0400788 0.0755509 -0.0266865 0.357889 0.295508 0.131116 0.055172 0.331066 0.095807 0.143402 0.263941 0.0819142 0.0531531 -0.155294 -0.192014 -0.256418 
-7.84253e-07 -0.0417544 -235.711 0.105973 -0.14151 -120.023 -13.4848 -0.0328986 0.0204461 0.0841938 0.0728698 0.0850442 0.210989 -0.338481 0.0738901 -0.221609 3.07407 -1.3839 -0.0600848 -0.0917089 0.131208 -0.0159477 -0.0200005 0.262756 -0.0133179 0.290471 0.329528 0.0196099 -0.0723965 0.237068 0.272226 -0.383032 -0.0687108 -0.168014 0.274575 0.273166 0.317068 0.120608 0.00892501 0.0888395 0.133125 0.584215 0.238248 -0.0171938 0.375661 0.089459 0.266259 0.358417 0.0727073 0.0316408 -0.291344 -0.35861 -0.24671 
-1.46258e-06 -0.0331752 -33.6083 -0.0847977 0.0908235 32.2782 -8.13345 -0.0167216 0.0111526 0.0616639 0.0576276 0.144916 -0.155165 0.285658 -0.109952 -0.154832 -1.3839 3.85756 -0.36661 -0.111742 -0.0105727 0.0340076 0.0748614 0.178668 1.18756 0.324036 0.031978 0.28884 -0.104683 0.1239 0.0735356 0.346847 -0.754662 -0.0732931 -0.134896 0.625994 0.688703 0.197212 -0.09824 0.0277827 0.383121 0.811358 0.517759 0.132259 0.825007 0.119195 0.420636 0.564015 0.137506 0.0412111 -0.409683 -0.504207 -0.634862 
-3.21434e-07 -0.0111326 -79.3476 0.00694368 0.0167963 -81.3732 -2.93965 -0.00619844 0.0040192 0.0173407 0.0055913 0.0130361 0.0512555 0.0193411 -0.0119375 -0.00046644 -0.0600848 -0.36661 1.52197 -0.0793641 -0.0702308 0.0279963 0.0419759 0.0235333 -0.0204516 0.148706 0.1179 -0.0123013 0.00320499 0.0790467 -0.0822438 -0.0859875 -0.0898052 -0.0524737 0.0728763 0.0667546 0.185916 0.00962704 -0.089768 0.0813935 0.0202447 0.199295 0.0734489 0.0828782 0.177935 0.0781705 0.0945492 0.16264 0.0631465 0.0384427 -0.10055 -0.109549 -0.134311 
-3.06022e-07 -0.00605747 96.1539 -0.0197065 0.0128128 97.6162 -2.98554 -0.00901539 0.00535374 -0.0279828 -0.00230648 0.00493699 0.00138393 0.0300465 0.015799 0.0431743 -0.0917089 -0.111742 -0.0793641 1.34206 -0.0921164 0.0113686 0.0553081 0.0701871 0.0298571 0.157979 0.19461 -0.0634244 -0.0186759 0.0884682 -0.117592 0.134835 -0.00929201 -0.0417367 0.00175819 0.162875 0.101287 0.0426865 0.0352103 -0.0560848 0.0967065 0.132322 0.095706 0.0876167 0.218683 0.052443 0.0210203 0.128812 0.0655089 0.0723668 -0.0751905 -0.113355 -0.168559 
-8.96135e-07 -0.0400089 -291.93 -0.00646658 0.0586535 -564.431 -7.93468 -0.011637 0.00845067 0.0454737 0.0533769 0.10735 0.0903237 -0.0637909 0.047177 0.139179 0.131208 -0.0105727 -0.0702308 -0.0921164 1.63069 0.0938698 0.0606493 0.265169 0.30381 0.116636 0.179368 0.0293135 -0.0681559 0.107847 0.117859 -0.281477 -0.270033 -0.060686 0.175407 0.251428 0.381567 0.0878794 0.0125789 -0.145661 0.444068 0.623827 0.238398 0.0910231 0.499333 0.108282 0.241358 0.382424 0.109238 0.03608 -0.266859 -0.338344 -0.34791 
-3.06844e-07 -0.0117489 -68.7108 0.0146595 0.0100961 -96.0565 -2.08826 -0.00266304 0.00207624 0.0478862 0.0151289 0.0530718 0.0118063 0.00116272 0.0479992 0.0425409 -0.0159477 0.0340076 0.0279963 0.0113686 0.0938698 1.07586 0.0435291 0.0482948 0.0862634 0.0921871 -0.00252439 0.00810701 0.00458454 0.0334112 -0.0278618 0.00858903 -0.0332169 0.0279159 -0.0158035 0.0479623 0.072604 0.0126447 -0.0105774 0.00496095 0.109727 0.197811 0.101146 0.0878449 0.213699 0.0360526 0.106224 0.181991 0.0559795 0.00590438 -0.127991 -0.121143 -0.13402 
-3.87391e-07 -0.0165563 -126.262 0.0362781 -0.0110727 -107.155 -4.24969 -0.00878313 0.0057095 0.00666993 0.00809244 0.0585759 0.00952425 0.0257724 0.0452677 0.035263 -0.0200005 0.0748614 0.0419759 0.0553081 0.0606493 0.0435291 1.16323 0.169593 0.0652891 0.0110811 0.030183 0.00881175 0.0393865 0.0386911 -0.198848 -0.048711 -0.0612518 -0.0239859 0.0645269 0.113168 0.10465 -0.0114836 0.0122804 0.00649134 0.0621356 0.224559 0.0793412 0.131586 0.214697 0.0387838 0.0606746 0.177535 0.0795437 0.0410084 -0.109198 -0.127241 -0.14699 
-1.20258e-06 -0.0359546 -512.171 0.238231 -0.222959 -486.077 -10.4052 -0.0228444 0.0147206 0.0491123 0.0814799 0.111797 -0.0903542 0.152237 0.126683 -0.00320841 0.262756 0.178668 0.0235333 0.0701871 0.265169 0.0482948 0.169593 5.31473 -1.21037 -1.32158 -0.33169 -0.574057 0.0486273 0.449318 0.107103 -0.929718 -0.285108 -0.0741043 0.524544 0.020532 0.438006 -0.0239626 0.294767 -0.25996 0.341032 0.351714 0.42898 0.621416 0.401779 0.100961 0.36062 0.277423 0.00771945 -0.0155814 -0.42523 -0.41281 -0.354785 
-1.74954e-06 -0.073463 -594.621 0.45874 -0.539855 -723.864 -26.2346 -0.0665907 0.040825 0.0593582 -0.0496416 0.140602 0.072392 0.270067 -0.156953 0.169268 -0.0133179 1.18756 -0.0204516 0.0298571 0.30381 0.0862634 0.0652891 -1.21037 16.0875 -5.79939 -3.47531 -0.0142956 0.399241 -0.201911 -0.203117 0.474144 -0.301429 0.0100946 -0.557306 1.15261 0.640227 0.761306 -0.775604 0.0673105 1.10092 1.59728 0.168211 -0.118084 1.36277 0.135213 0.51279 0.993242 0.100735 0.0082042 -0.278135 -0.761781 -0.690785 
-2.56054e-06 -0.0680489 -7.83257 0.492072 -0.355752 -122.247 -10.8404 -0.0114546 0.00989445 0.209196 0.14659 0.188024 0.36472 0.0629661 0.152108 0.287211 0.290471 0.324036 0.148706 0.157979 0.116636 0.0921871 0.0110811 -1.32158 -5.79939 23.9372 -5.26113 -3.12292 -0.230731 -1.34674 -0.592237 -0.201433 -0.0498832 -0.421821 -0.143018 1.11234 0.738945 0.388336 -0.0165428 0.0988152 0.977247 0.354516 0.464775 0.408631 1.86989 0.495039 0.941146 1.33096 0.61881 0.426041 -0.943269 -1.14546 -1.26395 
-1.65824e-06 -0.0485354 323.073 0.0700851 0.0317385 -264.61 -8.65184 -0.0115811 0.0089848 0.0467482 0.0638891 0.137809 0.15189 0.0697587 0.0362153 0.309604 0.329528 0.031978 0.1179 0.19461 0.179368 -0.00252439 0.030183 -0.33169 -3.47531 -5.26113 19.1721 -4.1019 -0.955224 -1.13849 -0.0838793 -0.372849 -1.62062 0.0932733 -0.0552459 0.539096 0.515965 -0.241131 0.191991 -0.0191372 0.375951 1.17038 -0.123576 0.35907 1.26739 0.376378 0.565467 0.89753 0.42899 0.348788 -0.59081 -0.687679 -0.904321 
-5.58335e-07 -0.0234293 -521.955 -0.324482 -0.0142729 233.682 -3.35638 -0.00217115 0.00206877 0.0435226 0.0142376 0.0988329 0.00942971 -0.0458562 0.0610628 -0.0675278 0.0196099 0.28884 -0.0123013 -0.0634244 0.0293135 0.00810701 0.00881175 -0.574057 -0.0142956 -3.12292 -4.1019 10.5775 -0.319498 -1.14983 0.116591 0.506648 -0.205538 -0.0680479 -0.230232 -0.0359624 0.376958 -0.197899 -0.110963 0.00973959 -0.0643591 0.233579 0.286135 -0.288213 -0.167732 0.00164358 0.166827 0.077224 -0.00640222 -0.111639 -0.236171 -0.163751 -0.183279 
-1.67792e-08 0.0010023 -184.779 -0.0477006 0.0528314 -231.681 -4.44934 -0.0169563 0.00942722 -0.0246346 -0.0337889 0.00697639 -0.0562461 0.00734615 -0.0385854 0.0674546 -0.0723965 -0.104683 0.00320499 -0.0186759 -0.0681559 0.00458454 0.0393865 0.0486273 0.399241 -0.230731 -0.955224 -0.319498 2.70919 -0.298303 -0.466282 -0.180713 0.575854 0.0305113 0.0886572 -0.177472 -0.441175 0.287858 0.182951 0.10893 0.0263397 0.189502 0.0379068 -0.171278 -0.0498595 0.0190609 -0.0314921 0.117911 -0.00158651 -0.00260427 -0.00429445 0.0234652 0.0175601 
-7.58875e-07 -0.0323536 57.5238 0.0741213 0.194119 60.582 -6.06515 -0.00936979 0.00702801 0.0767584 -0.0254551 0.0815941 0.141015 0.000196047 0.109705 0.0298057 0.237068 0.1239 0.0790467 0.0884682 0.107847 0.0334112 0.0386911 0.449318 -0.201911 -1.34674 -1.13849 -1.14983 -0.298303 22.3593 -5.50524 -1.84918 -1.6301 -0.151402 -0.569283 -0.231028 0.282543 -0.340725 0.34768 -0.0389413 0.562676 0.58469 0.574474 0.121752 1.10628 0.243286 0.442781 0.745805 0.304588 0.169484 -0.603078 -0.805861 -0.759142 
-1.3698e-07 -0.0151597 -227.817 0.14261 -0.0804581 1197.39 4.65627 0.0219986 -0.0112679 0.0972536 -0.0094346 0.00529275 -0.221028 -0.209604 -0.0414117 0.0750591 0.272226 0.0735356 -0.0822438 -0.117592 0.117859 -0.0278618 -0.198848 0.107103 -0.203117 -0.592237 -0.0838793 0.116591 -0.466282 -5.50524 22.9204 -4.3949 -2.15681 -0.149982 -0.958843 0.125927 1.40128 -0.310297 0.0717214 0.230854 0.802199 1.54628 0.246224 0.222773 0.598862 0.214072 0.767062 0.964083 0.182268 0.142093 -0.742951 -1.04289 -0.915329 
6.59501e-07 -0.0211302 -456.918 -0.00119927 -0.0552441 -279.172 -2.40593 0.000797292 0.000358335 -0.0847623 0.141974 -0.204271 0.341278 0.321718 -0.217294 -0.385403 -0.383032 0.346847 -0.0859875 0.134835 -0.281477 0.00858903 -0.048711 -0.929718 0.474144 -0.201433 -0.372849 0.506648 -0.180713 -1.84918 -4.3949 18.6434 -2.24109 -0.319082 -1.07294 -0.74364 0.392465 0.193293 -0.499689 0.140129 -0.479313 0.504305 0.313277 0.952542 0.356349 0.149969 0.59634 0.672179 0.152921 0.0793948 -0.355392 -0.309142 -0.646616 
1.33667e-06 -0.00499663 210.276 -0.194567 -0.13719 568.594 3.11149 0.0131719 -0.00724148 -0.102521 -0.131845 -0.109066 -0.37335 0.38302 -0.160607 -0.225515 -0.0687108 -0.754662 -0.0898052 -0.00929201 -0.270033 -0.0332169 -0.0612518 -0.285108 -0.301429 -0.0498832 -1.62062 -0.205538 0.575854 -1.6301 -2.15681 -2.24109 14.7575 -0.734645 -1.21265 -1.0957 0.693831 0.525618 -0.412018 0.0834839 -0.550612 -0.220207 0.0999532 0.662201 -0.642706 -0.115704 0.239666 -0.0927633 -0.0733921 -0.166093 -0.229575 0.0124995 0.0407372 
1.73787e-07 -0.0215997 -197.052 -0.0335672 0.0398584 -747.833 -13.2266 -0.0397515 0.0232372 -0.0375639 -0.0370868 -0.0837249 0.00215199 0.0761566 -0.0929202 0.024153 -0.168014 -0.0732931 -0.0524737 -0.0417367 -0.060686 0.0279159 -0.0239859 -0.0741043 0.0100946 -0.421821 0.0932733 -0.0680479 0.0305113 -0.151402 -0.149982 -0.319082 -0.734645 3.22442 -0.427681 -0.207896 -0.0115091 -0.0243051 -0.155877 -0.113937 0.249332 -0.0344424 -0.0741404 -0.0473093 0.188831 0.0174223 -0.0147897 0.1952 -0.00275678 0.0172068 0.0123575 -0.0384441 -0.0581087 
-4.93352e-07 -0.011649 -705.295 -0.352538 0.406671 150.573 0.46044 0.00699129 -0.00339802 0.0764423 0.230975 0.0689728 -0.105565 -0.214675 0.140554 0.188613 0.274575 -0.134896 0.0728763 0.00175819 0.175407 -0.0158035 0.0645269 0.524544 -0.557306 -0.143018 -0.0552459 -0.230232 0.0886572 -0.569283 -0.958843 -1.07294 -1.21265 -0.427681 7.46797 -1.42566 0.357865 -0.355494 0.325844 0.0698085 -0.0143427 0.0201615 0.216556 -0.455484 0.112488 0.0211648 -0.0438511 0.106085 -0.000347805 0.105273 -0.118578 -0.11093 -0.0859731 
-1.97402e-06 -0.0424925 416.441 0.283296 -0.169862 -422.768 -17.4608 -0.0475805 0.0287764 0.0906398 0.0136653 0.166896 0.222787 -0.0449775 -0.0190469 0.251216 0.273166 0.625994 0.0667546 0.162875 0.251428 0.0479623 0.113168 0.020532 1.15261 1.11234 0.539096 -0.0359624 -0.177472 -0.231028 0.125927 -0.74364 -1.0957 -0.207896 -1.42566 18.4154 -6.18438 -1.69091 -0.370734 -0.166816 0.298964 0.818423 0.440283 0.0892026 1.45839 0.316361 0.618885 1.06349 0.410608 0.237339 -0.698728 -0.979819 -1.02697 
-2.47421e-06 -0.0916508 -229.539 0.242029 -0.200699 15.9958 -16.6804 -0.0235264 0.0178507 0.17712 0.173024 0.13983 0.324538 -0.0612089 0.116105 0.237942 0.317068 0.688703 0.185916 0.101287 0.381567 0.072604 0.10465 0.438006 0.640227 0.738945 0.515965 0.376958 -0.441175 0.282543 1.40128 0.392465 0.693831 -0.0115091 0.357865 -6.18438 19.3788 -4.7035 -1.03504 -0.350285 -0.0636175 0.75786 0.739448 0.716908 1.47935 0.385168 1.06192 1.54298 0.491084 0.30341 -1.21309 -1.45409 -1.53943 
-5.53073e-07 -0.020988 -165.02 -0.180776 0.0954978 -454.303 -13.768 -0.0426809 0.0249475 -0.0173074 -0.000780308 -0.0362279 0.0421001 0.171206 -0.128817 -0.0400788 0.120608 0.197212 0.00962704 0.0426865 0.0878794 0.0126447 -0.0114836 -0.0239626 0.761306 0.388336 -0.241131 -0.197899 0.287858 -0.340725 -0.310297 0.193293 0.525618 -0.0243051 -0.355494 -1.69091 -4.7035 8.51636 -0.671186 0.0264434 -0.185768 1.12299 0.308768 -0.164376 0.33901 0.00480733 0.00428469 0.394064 0.0137824 -0.00421178 -0.0959868 -0.231501 -0.276706 
-8.4028e-08 -0.00275534 126.43 -0.137125 0.21815 59.7107 -3.74141 -0.0133072 0.00753643 0.0207091 -0.00453168 0.0421082 -0.102823 -0.153046 0.0710618 0.0755509 0.00892501 -0.09824 -0.089768 0.0352103 0.0125789 -0.0105774 0.0122804 0.294767 -0.775604 -0.0165428 0.191991 -0.110963 0.182951 0.34768 0.0717214 -0.499689 -0.412018 -0.155877 0.325844 -0.370734 -1.03504 -0.671186 3.16106 -0.30052 0.300496 -0.364769 -0.0466288 0.199036 0.164346 0.120954 0.274208 0.103817 0.0893064 0.132157 -0.126216 -0.100895 -0.00486032 
-1.47892e-07 -0.00230465 -62.69 -0.0905748 0.0502596 -166.649 -1.74765 -0.00528994 0.00308991 0.0299912 0.0462036 0.045313 -0.0270046 -0.0739383 -0.0344611 -0.0266865 0.0888395 0.0277827 0.0813935 -0.0560848 -0.145661 0.00496095 0.00649134 -0.25996 0.0673105 0.0988152 -0.0191372 0.00973959 0.10893 -0.0389413 0.230854 0.140129 0.0834839 -0.113937 0.0698085 -0.166816 -0.350285 0.0264434 -0.30052 2.47794 -0.480812 0.407041 0.0620157 0.0804856 -0.0453498 -0.0269054 0.151197 0.179694 0.0089078 0.0177321 -0.0455026 -0.0595204 -0.200593 
-2.07863e-06 -0.0783363 -680.035 0.0893862 -0.214422 -371.266 -24.3671 -0.0576416 0.0358664 0.0974505 -0.0146475 0.146572 0.26603 -0.104707 -0.00491458 0.357889 0.133125 0.383121 0.0202447 0.0967065 0.444068 0.109727 0.0621356 0.341032 1.10092 0.977247 0.375951 -0.0643591 0.0263397 0.562676 0.802199 -0.479313 -0.550612 0.249332 -0.0143427 0.298964 -0.0636175 -0.185768 0.300496 -0.480812 10.8573 -2.65331 -0.373822 0.120672 1.3583 0.387734 0.74278 1.26482 0.440943 0.23534 -0.840155 -1.14917 -1.13565 
-3.0479e-06 -0.161677 -1595.68 0.0889157 0.100564 -1127.8 -56.8986 -0.143558 0.0877127 0.185181 0.138318 0.287364 0.193534 0.39446 -0.100269 0.295508 0.584215 0.811358 0.199295 0.132322 0.623827 0.197811 0.224559 0.351714 1.59728 0.354516 1.17038 0.233579 0.189502 0.58469 1.54628 0.504305 -0.220207 -0.0344424 0.0201615 0.818423 0.75786 1.12299 -0.364769 0.407041 -2.65331 12.7156 -0.60637 -0.61788 1.3882 0.525236 1.05843 2.11561 0.581122 0.311075 -1.14875 -1.65088 -1.7562 
-1.58534e-06 -0.0640579 -488.084 0.0221906 -0.0542099 -519.821 -13.8353 -0.0237107 0.0164717 0.0881549 0.128846 0.138362 0.089725 -0.0338911 0.0743113 0.131116 0.238248 0.517759 0.0734489 0.095706 0.238398 0.101146 0.0793412 0.42898 0.168211 0.464775 -0.123576 0.286135 0.0379068 0.574474 0.246224 0.313277 0.0999532 -0.0741404 0.216556 0.440283 0.739448 0.308768 -0.0466288 0.0620157 -0.373822 -0.60637 6.46297 -0.671099 0.182292 0.259322 0.528024 0.925382 0.287095 0.0995577 -0.694665 -0.82384 -0.883485 
-9.12317e-07 -0.053399 -304.682 0.0107343 -0.0768721 -372.333 -14.8287 -0.0324993 0.0207578 0.0444581 0.0402837 0.0827924 -0.166719 0.13715 0.287243 0.055172 -0.0171938 0.132259 0.0828782 0.0876167 0.0910231 0.0878449 0.131586 0.621416 -0.118084 0.408631 0.35907 -0.288213 -0.171278 0.121752 0.222773 0.952542 0.662201 -0.0473093 -0.455484 0.0892026 0.716908 -0.164376 0.199036 0.0804856 0.120672 -0.61788 -0.671099 5.13523 -0.184257 0.146902 0.820799 0.744737 0.197602 0.138846 -0.518235 -0.560343 -0.741017 
-3.28654e-06 -0.211591 -1660.65 -0.186768 0.451263 -596.483 -65.6072 -0.155781 0.0968472 0.180047 0.126264 0.230604 0.295634 0.180559 0.0250954 0.331066 0.375661 0.825007 0.177935 0.218683 0.499333 0.213699 0.214697 0.401779 1.36277 1.86989 1.26739 -0.167732 -0.0498595 1.10628 0.598862 0.356349 -0.642706 0.188831 0.112488 1.45839 1.47935 0.33901 0.164346 -0.0453498 1.3583 1.3882 0.182292 -0.184257 6.30573 0.68061 1.2776 2.23521 0.697488 0.423516 -1.22488 -1.7832 -1.82385 
-9.82969e-07 -0.0056532 -274.261 0.0184305 0.0169874 -368.817 -7.35406 -0.0248668 0.0140938 0.0280456 0.0516804 0.0792849 0.1035 0.0627758 0.00416769 0.095807 0.089459 0.119195 0.0781705 0.052443 0.108282 0.0360526 0.0387838 0.100961 0.135213 0.495039 0.376378 0.00164358 0.0190609 0.243286 0.214072 0.149969 -0.115704 0.0174223 0.0211648 0.316361 0.385168 0.00480733 0.120954 -0.0269054 0.387734 0.525236 0.259322 0.146902 0.68061 1.23726 0.417316 0.697435 0.209523 0.18258 -0.444106 -0.558066 -0.553604 
-1.90675e-06 -0.0627044 -684.24 0.0305189 0.00505505 -717.524 -23.8189 -0.0619718 0.0375694 0.130615 0.105168 0.157221 -0.00866842 0.0784035 0.136998 0.143402 0.266259 0.420636 0.0945492 0.0210203 0.241358 0.106224 0.0606746 0.36062 0.51279 0.941146 0.565467 0.166827 -0.0314921 0.442781 0.767062 0.59634 0.239666 -0.0147897 -0.0438511 0.618885 1.06192 0.00428469 0.274208 0.151197 0.74278 1.05843 0.528024 0.820799 1.2776 0.417316 2.63993 1.5212 0.345786 0.258328 -0.999177 -1.15835 -1.17385 
-2.83455e-06 -0.169078 -1082.57 0.0297216 0.0753292 -703.941 -62.9166 -0.164511 0.0998884 0.172028 0.140504 0.188531 0.181484 0.145969 0.00114264 0.263941 0.358417 0.564015 0.16264 0.128812 0.382424 0.181991 0.177535 0.277423 0.993242 1.33096 0.89753 0.077224 0.117911 0.745805 0.964083 0.672179 -0.0927633 0.1952 0.106085 1.06349 1.54298 0.394064 0.103817 0.179694 1.26482 2.11561 0.925382 0.744737 2.23521 0.697435 1.5212 3.19203 0.980775 0.496558 -1.22806 -1.67244 -1.74942 
-9.66895e-07 -0.0454087 -275.91 -0.00883733 0.0360358 -368.238 -19.0437 -0.0520827 0.0311825 0.0435376 -0.0105417 0.0299067 0.0609512 0.0228439 -0.00161337 0.0819142 0.0727073 0.137506 0.0631465 0.0655089 0.109238 0.0559795 0.0795437 0.00771945 0.100735 0.61881 0.42899 -0.00640222 -0.00158651 0.304588 0.182268 0.152921 -0.0733921 -0.00275678 -0.000347805 0.410608 0.491084 0.0137824 0.0893064 0.0089078 0.440943 0.581122 0.287095 0.197602 0.697488 0.209523 0.345786 0.980775 0.997759 0.213983 -0.404925 -0.573087 -0.638363 
-5.53094e-07 -0.00719455 -245.325 -0.000228908 0.0282869 -222.496 -4.4694 -0.0134678 0.00793301 0.00927547 0.0116857 -0.0117099 0.0530185 0.0120533 -0.0220911 0.0531531 0.0316408 0.0412111 0.0384427 0.0723668 0.03608 0.00590438 0.0410084 -0.0155814 0.0082042 0.426041 0.348788 -0.111639 -0.00260427 0.169484 0.142093 0.0793948 -0.166093 0.0172068 0.105273 0.237339 0.30341 -0.00421178 0.132157 0.0177321 0.23534 0.311075 0.0995577 0.138846 0.423516 0.18258 0.258328 0.496558 0.213983 0.812243 -0.113278 -0.409668 -0.453003 
2.22464e-06 0.00203967 -258.968 -0.0283126 0.033774 -330.862 -17.6189 -0.067384 0.0371581 -0.125881 -0.0969555 -0.18603 -0.140508 -0.0586072 -0.0836596 -0.155294 -0.291344 -0.409683 -0.10055 -0.0751905 -0.266859 -0.127991 -0.109198 -0.42523 -0.278135 -0.943269 -0.59081 -0.236171 -0.00429445 -0.603078 -0.742951 -0.355392 -0.229575 0.0123575 -0.118578 -0.698728 -1.21309 -0.0959868 -0.126216 -0.0455026 -0.840155 -1.14875 -0.694665 -0.518235 -1.22488 -0.444106 -0.999177 -1.22806 -0.404925 -0.113278 1.87178 1.03639 1.02972 
2.4721e-06 0.0342382 309.929 -0.0299485 0.00171895 317.178 6.03864 0.00739581 -0.00581837 -0.135764 -0.110521 -0.173271 -0.177118 -0.090414 -0.0475803 -0.192014 -0.35861 -0.504207 -0.109549 -0.113355 -0.338344 -0.121143 -0.127241 -0.41281 -0.761781 -1.14546 -0.687679 -0.163751 0.0234652 -0.805861 -1.04289 -0.309142 0.0124995 -0.0384441 -0.11093 -0.979819 -1.45409 -0.231501 -0.100895 -0.0595204 -1.14917 -1.65088 -0.82384 -0.560343 -1.7832 -0.558066 -1.15835 -1.67244 -0.573087 -0.409668 1.03639 1.85313 1.3158 
2.6737e-06 0.0244089 128.375 0.00324525 -0.0245466 -81.3648 3.66059 0.00343355 -0.00321054 -0.122497 -0.0941663 -0.164449 -0.138984 -0.154213 -0.0219069 -0.256418 -0.24671 -0.634862 -0.134311 -0.168559 -0.34791 -0.13402 -0.14699 -0.354785 -0.690785 -1.26395 -0.904321 -0.183279 0.0175601 -0.759142 -0.915329 -0.646616 0.0407372 -0.0581087 -0.0859731 -1.02697 -1.53943 -0.276706 -0.00486032 -0.200593 -1.13565 -1.7562 -0.883485 -0.741017 -1.82385 -0.553604 -1.17385 -1.74942 -0.638363 -0.453003 1.02972 1.3158 1.86128 
*end

*selectivity[Fsh_lf_Sel]
a50: 33.1441 
alpha: 1 
ato95: 2.52572e-07 
beta: 0 
intervals: 5 
label: Fsh_lf_Sel 
length_based: 1 
type: logistic 
Values {vector}
2 0
4 0
6 0
8 0
10 0
12 0
14 0
16 0
18 0
20 0
22 0
24 0
26 0
28 0
30 0
32 0
34 1
36 1
38 1
40 1
42 1
44 1
46 1
48 1
50 1
52 1
54 1
56 1
58 1
60 1
62 1
64 1
*end

*selectivity[Fsh_ac_Sel]
a50: 2.66327 
alpha: 1 
ato95: 4.64221 
beta: 0 
intervals: 5 
label: Fsh_ac_Sel 
length_based: 1 
type: logistic 
Values {vector}
2 0.39635
4 0.700117
6 0.892487
8 0.967231
10 0.990562
12 0.997327
14 0.999247
16 0.999788
18 0.99994
20 0.999983
22 0.999995
24 0.999999
26 1
28 1
30 1
32 1
34 1
36 1
38 1
40 1
42 1
44 1
46 1
48 1
50 1
52 1
54 1
56 1
58 1
60 1
62 1
64 1
*end

*selectivity[AMLR_ac_Sel]
a50: 1.09398e-06 
alpha: 1 
ato95: 3.82571e-07 
beta: 0 
intervals: 5 
label: AMLR_ac_Sel 
length_based: 1 
type: logistic 
Values {vector}
2 1
4 1
6 1
8 1
10 1
12 1
14 1
16 1
18 1
20 1
22 1
24 1
26 1
28 1
30 1
32 1
34 1
36 1
38 1
40 1
42 1
44 1
46 1
48 1
50 1
52 1
54 1
56 1
58 1
60 1
62 1
64 1
*end

*selectivity[AMLR_lf_Sel]
a50: 44.1439 
alpha: 1 
ato95: 19.0467 
beta: 0 
intervals: 5 
label: AMLR_lf_Sel 
length_based: 1 
type: logistic 
Values {vector}
2 0.00147878
4 0.00201348
6 0.00274098
8 0.00373036
10 0.00507504
12 0.00690109
14 0.00937797
16 0.0127324
18 0.0172659
20 0.0233752
22 0.0315768
24 0.0425308
26 0.0570609
28 0.07616
30 0.100967
32 0.132695
34 0.172479
36 0.22115
38 0.278926
40 0.345108
42 0.417892
44 0.494437
46 0.571244
48 0.644766
50 0.712036
52 0.771089
54 0.821076
56 0.862099
58 0.89492
60 0.920649
62 0.940497
64 0.955619
*end

*catchability[__synop_biomass_q__]
q: 1
*end

*catchability[__AMLR_q__]
q: 1.00795
*end

*catchability[__FsrvBiomass_q__]
q: 0.915754
*end

*derived_quantity[SSB]
SSB {list}
type: biomass
initialisation_phase[1]: 3.93269e+06 
values {vector}
1976 3.83625e+06
1977 3.3792e+06
1978 2.78155e+06
1979 2.53128e+06
1980 2.49628e+06
1981 2.33807e+06
1982 1.99716e+06
1983 2.07103e+06
1984 2.94234e+06
1985 4.15784e+06
1986 4.19522e+06
1987 3.3905e+06
