Casal2 (https://github.com/alistairdunn1/CASAL2)
Call: casal2 -m 
Date: Tue Aug 22 09:17:16 2023
Seed: 21036
Version: v23.07 (2023-07-11)
Copyright (c) 2017-2023, NIWA (www.niwa.co.nz)
Environment: User=Doug.Kinzey Machine=SWC-DKINZEY-D OS=Windows_NT PID=11032


*info[messages_encountered]
Values {string}
Setting the random number seed to 21036
Estimable parameters were set from the input configuration files
Initiating point estimate run mode
Estimation_phase 1
Estimation with the betadiff minimiser
*end

*mcmc_covariance[MCMCcovariance]
MCMC_covariance{matrix}
8.96308e+11 -2.40955e+06 -1.17349 -277229 -81014.3 3.22251 -0.838472 -2.52631e+07 -4.4492e+07 66345.5 61329.2 95018 65895.8 64199.2 47779.3 62720 137246 143396 93697.3 77177.7 113976 34973.1 60015.2 76276.8 47280.7 30207.5 15889.8 13771.8 19627.6 -68844.6 -107228 -120134 -126097 -106954 -50413.8 -25734.9 -20575.9 -19223.5 -37901.2 -26455.9 -21416.9 -20466.9 -17699.8 -36781.4 -34460.2 6706.78 -49520.3 -42561.1 -74061.9 -81135.3 -468416 -465736 -857895 
-2.40955e+06 518.596 0.000244144 3.20168 1.30861 -0.000866282 -0.00332474 4565.37 8219.66 -0.307504 -0.0504511 -0.668083 -0.838551 -0.615471 -0.299772 -0.885114 -1.20532 -1.35135 -0.781092 -0.660976 -0.585409 -0.34763 -0.239994 -0.971615 -0.541832 -0.385889 -0.315075 0.137328 -0.435696 -0.0314003 0.123408 0.312898 0.405634 -0.343413 0.328488 -0.258621 -0.284743 -0.475699 -0.203272 -0.223483 0.351505 0.498769 0.309722 0.474069 1.4341 -0.156118 0.155461 0.0344642 0.390981 -1.61703 2.36145 0.305716 2.21066 
-1.17349 0.000244144 0.0025 1.40565e-06 5.09783e-07 -4.07794e-10 -2.78809e-09 0.00268736 0.00483587 -1.47543e-07 8.33567e-10 -3.27111e-07 -3.97962e-07 -2.96253e-07 -1.43907e-07 -4.18926e-07 -5.76988e-07 -6.48646e-07 -3.7252e-07 -3.29281e-07 -2.73987e-07 -1.6321e-07 -1.07327e-07 -4.39836e-07 -2.49861e-07 -1.7371e-07 -1.41538e-07 8.19357e-08 -1.8984e-07 -2.49584e-09 7.40243e-08 1.6394e-07 2.03215e-07 -1.41516e-07 1.81103e-07 -1.13584e-07 -1.225e-07 -2.14293e-07 -9.93378e-08 -8.99471e-08 1.98228e-07 2.79905e-07 1.87433e-07 2.64268e-07 7.40402e-07 -1.81195e-08 1.32479e-07 3.75325e-08 2.35919e-07 -6.87915e-07 1.22576e-06 2.54868e-07 1.26893e-06 
-277229 3.20168 1.40565e-06 7.13431 3.95923 -4.91461e-06 4.49197e-06 35.5264 64.5391 -0.0689738 -0.111597 -0.124805 -0.0990792 0.0159473 0.0676492 0.0181741 0.0108901 0.106147 -0.0405884 0.0858071 -0.0532079 -0.128048 -0.200542 -0.311023 -0.215936 -0.208142 -0.131457 0.0773695 -0.02332 -0.078766 -0.0394965 0.00561853 0.122402 0.049235 0.11689 -0.0835871 -0.0825485 0.0523628 0.0226561 0.135553 0.00166202 -0.09946 -0.0421604 0.0279938 -0.00491041 -0.133875 -0.087836 -0.264276 0.0301529 -0.135834 -0.00943572 -0.203035 -0.373177 
-81014.3 1.30861 5.09783e-07 3.95923 4.19509 -1.56508e-06 3.28552e-06 14.8512 27.4611 -0.0343073 -0.0609453 -0.00123784 0.0239532 0.0801597 0.0510601 -0.0999599 0.0652738 -0.00288771 -0.0461245 0.0238155 -0.0949749 -0.0554986 -0.0555173 0.0578366 0.076558 0.0448862 0.0597563 0.154541 0.00716387 -0.0179203 0.00788546 0.0274388 0.0934674 0.0337635 -0.00874559 -0.0221681 -0.0208038 0.0150037 -0.0723926 0.0498144 0.0358783 -0.0801539 -0.0243898 -0.00920546 -0.252663 -0.0696145 -0.0682791 -0.209878 -0.00628378 -0.0621646 -0.0856389 -0.153774 -0.204343 
3.22251 -0.000866282 -4.07794e-10 -4.91461e-06 -1.56508e-06 0.004 -1.4881e-08 -0.00958089 -0.0172652 5.95989e-07 8.43164e-08 1.11528e-06 1.42688e-06 1.10985e-06 5.13227e-07 1.48008e-06 2.12369e-06 2.30493e-06 1.38115e-06 1.1092e-06 1.34204e-06 6.44613e-07 4.99445e-07 2.063e-06 1.1927e-06 9.95965e-07 9.11141e-07 1.9652e-07 9.81457e-07 3.56512e-07 8.18318e-08 -1.75109e-07 -3.37199e-07 1.29275e-06 -2.5195e-07 8.52175e-07 9.57252e-07 1.2819e-06 6.34344e-07 9.09603e-07 3.09334e-08 -1.25233e-07 2.58151e-07 1.48922e-08 -1.60415e-06 1.01756e-06 6.71811e-07 7.17472e-07 7.27892e-07 3.69709e-06 -1.97557e-06 1.91624e-06 1.36001e-06 
-0.838472 -0.00332474 -2.78809e-09 4.49197e-06 3.28552e-06 -1.4881e-08 0.0062 -0.0070856 0.00118189 -3.95376e-07 -1.00607e-07 -7.90455e-07 -7.22912e-07 -4.62865e-07 -3.24002e-07 -6.58826e-07 -7.2692e-07 -9.48592e-07 -6.7128e-07 -6.07526e-07 -6.017e-07 -4.47074e-07 -5.70189e-07 -1.53148e-07 -2.17781e-07 -9.97988e-08 -6.07049e-08 5.78906e-07 -2.11184e-07 -1.38208e-07 -1.06409e-07 2.66858e-08 2.24401e-07 -6.65321e-07 1.91627e-07 -2.41606e-07 -2.34705e-07 -4.5498e-07 -4.0035e-07 6.03814e-08 3.24599e-07 3.42808e-07 1.71739e-07 2.49974e-07 9.78899e-07 -6.34363e-07 -5.22386e-07 -2.85824e-07 -6.7154e-07 -8.47501e-07 2.36585e-07 5.76704e-08 6.61879e-09 
-2.52631e+07 4565.37 0.00268736 35.5264 14.8512 -0.00958089 -0.0070856 62797.7 90450.6 -3.4649 -0.439171 -7.28846 -9.26922 -6.77616 -3.25456 -9.6618 -13.5032 -15.0639 -8.74359 -7.38913 -6.70294 -3.8997 -2.79912 -11.2195 -6.32464 -4.77039 -4.04253 0.847915 -5.03021 -0.862059 0.808997 2.91297 3.87176 -4.53317 3.07841 -3.4384 -3.84134 -5.85863 -2.76757 -3.06684 2.9655 4.43829 2.27084 3.98348 14.2041 -2.14691 0.873389 -1.59439 2.89004 -18.89 23.4513 -0.988224 17.0568 
-4.4492e+07 8219.66 0.00483587 64.5391 27.4611 -0.0172652 0.00118189 90450.6 203563 -6.16763 -0.690145 -13.0586 -16.6611 -12.1563 -5.81756 -17.4036 -24.424 -27.1918 -15.7792 -13.3786 -12.0639 -7.01696 -5.08048 -20.4621 -11.5367 -8.83027 -7.54898 1.20417 -9.20873 -1.8551 1.13026 4.92379 6.62033 -8.66141 5.23791 -6.5695 -7.35076 -10.9602 -5.34457 -5.89081 4.79377 7.34072 3.44805 6.46474 24.654 -4.42468 0.871305 -4.25058 4.15258 -34.6725 40.0378 -4.58529 26.1359 
66345.5 -0.307504 -1.47543e-07 -0.0689738 -0.0343073 5.95989e-07 -3.95376e-07 -3.4649 -6.16763 1.08451 -0.0104222 0.011584 0.02074 0.0325088 0.0210872 0.0232972 -0.00140399 0.00750569 0.00559445 0.0326384 0.00919647 -0.0320058 0.0112636 0.00437721 0.000972647 -0.00458536 -0.00113815 -0.0057815 0.00880341 -0.00429149 -0.00497935 -0.000256756 -0.00102852 0.00662883 -0.0103697 -0.00255802 -0.00481534 0.000428367 -0.00719366 -0.0103103 -0.00518434 -0.00825893 -0.00700653 -0.0078653 -0.0099689 0.0207015 -0.0148433 -0.0253251 0.00955254 0.0228805 -0.00797371 -0.00976733 -0.0583543 
61329.2 -0.0504511 8.33567e-10 -0.111597 -0.0609453 8.43164e-08 -1.00607e-07 -0.439171 -0.690145 -0.0104222 0.923186 0.0259811 0.0401903 0.049602 0.0424452 0.0437065 0.00376374 0.00576469 0.0101934 0.0068221 -0.0065802 -0.00144353 0.00635659 0.00129499 0.00891969 0.000388511 0.000542284 -0.00165128 0.0116105 -0.000154696 -0.00189979 -0.0119499 -0.0020461 0.001739 -0.0291672 -0.00169426 -0.00450026 -0.00247505 0.00175639 -0.0148085 0.00199532 -0.00388278 -0.0119876 -0.00874877 -0.00687179 -0.0131607 -0.00695513 -0.0381209 0.0668008 0.0119061 -0.016852 -0.00403535 -0.057189 
95018 -0.668083 -3.27111e-07 -0.124805 -0.00123784 1.11528e-06 -7.90455e-07 -7.28846 -13.0586 0.011584 0.0259811 0.811955 0.116358 0.121986 0.057226 0.037064 0.0136487 0.00261527 0.00914223 0.00806876 -0.0125504 -0.0176958 -0.0156752 0.00892162 0.00447514 0.000404406 -0.00256821 -0.00843084 -0.000925001 -0.00199594 0.00133218 0.00156262 -0.00326018 0.0127238 -0.00637943 0.00147156 0.0029618 0.00643635 -0.00484523 -0.01162 -0.00631082 -0.0144589 -0.011198 -0.015664 -0.0206468 -0.0173883 -0.00402368 -0.00819416 0.0357261 0.0461032 -0.00698047 -0.0161409 -0.0597757 
65895.8 -0.838551 -3.97962e-07 -0.0990792 0.0239532 1.42688e-06 -7.22912e-07 -9.26922 -16.6611 0.02074 0.0401903 0.116358 0.443544 0.182618 0.149033 0.123249 0.0385443 0.0529174 0.0158287 0.0158093 0.000479687 -0.000585225 0.00123316 0.0179823 0.00872465 0.00307557 0.00312368 0.00145303 0.0087567 0.00127131 0.00818623 -0.00441677 0.00766716 0.00731677 0.00204076 -0.000921117 -0.00383112 -0.00199759 0.0106918 0.0080494 -0.00743107 -0.0105355 -0.0063117 -0.00115069 -0.0248627 -0.0156412 0.0196806 -0.00621852 0.0263702 0.0142723 -0.000410544 0.0115454 -0.0135561 
64199.2 -0.615471 -2.96253e-07 0.0159473 0.0801597 1.10985e-06 -4.62865e-07 -6.77616 -12.1563 0.0325088 0.049602 0.121986 0.182618 0.367474 0.170229 0.156171 0.0713034 0.0426317 0.0198664 0.0145661 0.0146731 -0.0026536 -0.00432897 -0.00121419 -0.000279482 -0.00220393 -0.00246327 0.000545104 0.00447359 -0.00105802 0.00416656 -0.00258853 -0.00186227 0.0027757 0.000158084 0.00371151 0.00395851 0.00429332 0.0147049 0.0183988 -0.000338215 -0.0149537 -0.00565824 -0.0129157 -0.0229309 -0.0126736 0.00225375 -0.0117053 0.0297729 0.0233859 -0.0150284 -0.00812353 -0.00172279 
47779.3 -0.299772 -1.43907e-07 0.0676492 0.0510601 5.13227e-07 -3.24002e-07 -3.25456 -5.81756 0.0210872 0.0424452 0.057226 0.149033 0.170229 0.470747 0.155867 0.0508131 0.0592539 0.0284203 0.0123926 0.00541777 -0.0158936 -0.0139517 -0.00459381 -0.00298799 -0.00753655 -0.00528265 -0.00395698 0.00360209 -0.00172024 0.0045613 0.00534211 0.0100396 0.0141953 -0.0043242 -0.000510659 -0.00270819 0.00488769 0.00695768 0.0144376 -0.00424632 -0.0119584 -0.0152076 -0.0306726 -0.0179286 -0.00638214 -0.0192105 0.00529726 0.0181984 0.0237443 -0.000199536 -0.00735257 -0.0278936 
62720 -0.885114 -4.18926e-07 0.0181741 -0.0999599 1.48008e-06 -6.58826e-07 -9.6618 -17.4036 0.0232972 0.0437065 0.037064 0.123249 0.156171 0.155867 0.448402 0.100311 0.0987655 0.0455005 0.0236521 0.0104362 -0.00556693 -0.00567117 -0.00911073 -0.0168094 -0.0155539 -0.0143753 -0.0080441 -0.00340303 -0.00116211 0.00229439 0.0056507 0.00672563 0.00752034 -0.00304394 -0.00581709 -0.00706954 0.00168769 0.00644363 0.0129537 -0.0140126 -0.01629 -0.0148651 -0.0137079 -0.0048225 -0.00593835 -5.89751e-05 -0.00230869 0.0299952 0.0253009 -0.00944181 -0.0134765 0.00929396 
137246 -1.20532 -5.76988e-07 0.0108901 0.0652738 2.12369e-06 -7.2692e-07 -13.5032 -24.424 -0.00140399 0.00376374 0.0136487 0.0385443 0.0713034 0.0508131 0.100311 0.507169 0.260019 0.120067 0.0933387 0.0503558 0.0263047 0.0226448 0.00022127 0.00124329 0.00328048 0.00111238 0.00235634 0.0242601 -0.00329528 -0.00215995 0.0018502 0.00590088 0.0293216 -0.0114969 -0.00853155 -0.00926643 -0.0102076 0.00137264 -0.00869546 -0.00392759 -0.021311 -0.0180871 -0.000683694 -0.0224753 0.0245601 -0.00805459 -0.00591487 0.046316 0.0443062 -0.0184477 0.0243104 -0.0370426 
143396 -1.35135 -6.48646e-07 0.106147 -0.00288771 2.30493e-06 -9.48592e-07 -15.0639 -27.1918 0.00750569 0.00576469 0.00261527 0.0529174 0.0426317 0.0592539 0.0987655 0.260019 0.460192 0.163965 0.109111 0.0889025 0.0171363 0.0035422 -0.0105947 -0.0224106 -0.00720267 -0.00281193 -0.00317849 0.0254933 -0.00156412 0.000101194 -0.00275392 0.0174276 0.0279444 0.00686478 -0.0113223 -0.014117 -0.00823161 0.00824774 0.00472239 -0.00830519 -0.021519 -0.0254912 -0.0042615 -0.0161342 0.030125 -0.006509 0.00776343 0.0487807 0.0555103 -0.0278207 -0.0054568 0.016788 
93697.3 -0.781092 -3.7252e-07 -0.0405884 -0.0461245 1.38115e-06 -6.7128e-07 -8.74359 -15.7792 0.00559445 0.0101934 0.00914223 0.0158287 0.0198664 0.0284203 0.0455005 0.120067 0.163965 0.739473 0.0949201 0.0900478 -0.000554954 -0.0078648 0.0094767 0.00574208 0.00689224 0.00660643 0.00600852 0.0126573 0.00334404 0.0072184 0.00730278 0.0115875 0.0275046 -0.00164262 -0.00139372 -0.00495685 -0.000745655 0.0276528 -0.0112715 -0.00352432 -0.0141741 -0.013899 -0.0138208 -0.0167637 -0.00786743 -0.00485479 -0.00227706 0.010744 0.0153457 -0.010948 -0.00936003 0.00786016 
77177.7 -0.660976 -3.29281e-07 0.0858071 0.0238155 1.1092e-06 -6.07526e-07 -7.38913 -13.3786 0.0326384 0.0068221 0.00806876 0.0158093 0.0145661 0.0123926 0.0236521 0.0933387 0.109111 0.0949201 0.805714 0.0966817 0.000748627 -0.0230984 -0.00920191 -0.00609394 -0.00449263 -0.00567704 0.00356015 0.0135317 -0.00305824 0.000973829 -0.00676507 0.000266787 0.0185472 0.00102819 -0.00741384 -0.00596806 -0.00453267 -0.0052174 0.0232231 -0.0046773 -0.0108029 -0.0134714 -0.00968147 -0.0155909 0.00586795 0.030631 0.0140387 0.00922181 -0.0193892 -0.0229852 -0.0151048 0.0415096 
113976 -0.585409 -2.73987e-07 -0.0532079 -0.0949749 1.34204e-06 -6.017e-07 -6.70294 -12.0639 0.00919647 -0.0065802 -0.0125504 0.000479687 0.0146731 0.00541777 0.0104362 0.0503558 0.0889025 0.0900478 0.0966817 0.715445 -0.0256336 -0.00170776 -0.00296258 0.00233581 0.011484 0.0104521 0.00937557 0.0286998 0.00567499 0.00387627 0.00888121 0.00877139 0.0228636 -0.00425935 -0.00255397 -0.00574068 -0.00369968 0.0086028 0.0453573 -0.023379 -0.0295571 -0.0204674 -0.0128611 -0.0163912 0.0172983 -0.000548657 0.00154432 0.0223972 0.0415525 -0.0277835 -0.00156947 0.007487 
34973.1 -0.34763 -1.6321e-07 -0.128048 -0.0554986 6.44613e-07 -4.47074e-07 -3.8997 -7.01696 -0.0320058 -0.00144353 -0.0176958 -0.000585225 -0.0026536 -0.0158936 -0.00556693 0.0263047 0.0171363 -0.000554954 0.000748627 -0.0256336 0.958005 -0.0105812 0.020642 0.0161713 0.0175435 0.0194462 0.0131052 0.00810218 0.00986447 0.00949985 0.00575397 0.00383475 -0.000724265 0.00821917 0.0121082 0.0131885 0.0116931 0.0128236 0.00319115 -7.86727e-05 -0.00440769 -0.00634615 -0.00973796 -0.0180569 0.0207477 0.00296819 -0.0222503 0.00542466 0.0334783 0.021888 0.0109422 0.0283823 
60015.2 -0.239994 -1.07327e-07 -0.200542 -0.0555173 4.99445e-07 -5.70189e-07 -2.79912 -5.08048 0.0112636 0.00635659 -0.0156752 0.00123316 -0.00432897 -0.0139517 -0.00567117 0.0226448 0.0035422 -0.0078648 -0.0230984 -0.00170776 -0.0105812 0.898317 0.0110063 0.0242388 0.0265644 0.0233883 0.013776 -0.00210072 0.0122038 0.0156689 0.0080734 0.0035562 0.0113628 -0.00198197 0.0083049 0.0101542 0.00987459 0.00467099 -0.00189288 0.00472697 -0.00378111 -0.000399894 -0.0175304 -0.0190482 0.022224 0.0252976 -0.00783074 -0.0190347 -0.00367491 0.000953291 0.0122821 0.0267187 
76276.8 -0.971615 -4.39836e-07 -0.311023 0.0578366 2.063e-06 -1.53148e-07 -11.2195 -20.4621 0.00437721 0.00129499 0.00892162 0.0179823 -0.00121419 -0.00459381 -0.00911073 0.00022127 -0.0105947 0.0094767 -0.00920191 -0.00296258 0.020642 0.0110063 0.316127 0.111003 0.106569 0.0967553 0.0885421 0.0295917 0.0360441 0.0319196 0.0334399 0.0256698 0.0334071 0.00236954 0.0265563 0.02608 0.0167195 0.00424366 0.0346712 0.0161845 0.0117825 0.0114575 -0.00960138 -0.0255361 0.0380334 0.00300462 0.0245591 0.0601699 0.0680353 0.0383766 0.122446 0.166755 
47280.7 -0.541832 -2.49861e-07 -0.215936 0.076558 1.1927e-06 -2.17781e-07 -6.32464 -11.5367 0.000972647 0.00891969 0.00447514 0.00872465 -0.000279482 -0.00298799 -0.0168094 0.00124329 -0.0224106 0.00574208 -0.00609394 0.00233581 0.0161713 0.0242388 0.111003 0.15273 0.0978617 0.0916784 0.0746099 0.0241754 0.0349508 0.0298548 0.0224359 0.0224453 0.0305381 0.0162957 0.0173339 0.0189912 0.00935663 0.0243457 0.0130474 0.00903071 0.00709446 0.0186035 0.0119368 -0.0285412 0.0287472 0.00300639 -0.0105295 0.0421397 0.0453497 0.0100547 0.0988672 0.137939 
30207.5 -0.385889 -1.7371e-07 -0.208142 0.0448862 9.95965e-07 -9.97988e-08 -4.77039 -8.83027 -0.00458536 0.000388511 0.000404406 0.00307557 -0.00220393 -0.00753655 -0.0155539 0.00328048 -0.00720267 0.00689224 -0.00449263 0.011484 0.0175435 0.0265644 0.106569 0.0978617 0.130325 0.0962863 0.0880041 0.0398681 0.0425302 0.0363344 0.0297987 0.0281615 0.0405057 0.0217848 0.0243015 0.0261781 0.0177076 0.0209234 0.0179257 0.01989 0.0200363 0.0255424 0.0199559 -0.0148526 0.0287486 0.00805363 0.00387586 0.0330436 0.0405618 0.0468892 0.125019 0.205212 
15889.8 -0.315075 -1.41538e-07 -0.131457 0.0597563 9.11141e-07 -6.07049e-08 -4.04253 -7.54898 -0.00113815 0.000542284 -0.00256821 0.00312368 -0.00246327 -0.00528265 -0.0143753 0.00111238 -0.00281193 0.00660643 -0.00567704 0.0104521 0.0194462 0.0233883 0.0967553 0.0916784 0.0962863 0.141603 0.0984176 0.0554654 0.0455885 0.0391785 0.0336282 0.0368545 0.0401082 0.0275907 0.0270396 0.0283904 0.0243033 0.0218787 0.0225594 0.0222923 0.0172089 0.0288072 0.0227068 -0.00845118 0.0279856 0.0106133 0.00179946 0.0381881 0.0415891 0.058497 0.129813 0.230527 
13771.8 0.137328 8.19357e-08 0.0773695 0.154541 1.9652e-07 5.78906e-07 0.847915 1.20417 -0.0057815 -0.00165128 -0.00843084 0.00145303 0.000545104 -0.00395698 -0.0080441 0.00235634 -0.00317849 0.00600852 0.00356015 0.00937557 0.0131052 0.013776 0.0885421 0.0746099 0.0880041 0.0984176 0.181722 0.0521636 0.043631 0.0357099 0.0293874 0.0365939 0.0422801 0.0334001 0.0268079 0.0277698 0.0296218 0.0248867 0.0295284 0.0274719 0.0219559 0.029691 0.0372013 0.0115681 0.0324139 0.0101989 0.000182231 0.0524153 0.0596376 0.0670862 0.141345 0.234396 
19627.6 -0.435696 -1.8984e-07 -0.02332 0.00716387 9.81457e-07 -2.11184e-07 -5.03021 -9.20873 0.00880341 0.0116105 -0.000925001 0.0087567 0.00447359 0.00360209 -0.00340303 0.0242601 0.0254933 0.0126573 0.0135317 0.0286998 0.00810218 -0.00210072 0.0295917 0.0241754 0.0398681 0.0554654 0.0521636 0.412232 0.0263692 0.0252056 0.0172848 0.00225963 0.0151903 0.0118946 0.0161487 0.0189504 0.00553448 -0.0160108 -0.00573439 0.00802088 0.0035503 0.0117936 0.028377 0.0101004 0.0110449 0.0192043 -0.0425616 0.0412549 0.0262429 0.030966 0.0477814 0.097435 
-68844.6 -0.0314003 -2.49584e-09 -0.078766 -0.0179203 3.56512e-07 -1.38208e-07 -0.862059 -1.8551 -0.00429149 -0.000154696 -0.00199594 0.00127131 -0.00105802 -0.00172024 -0.00116211 -0.00329528 -0.00156412 0.00334404 -0.00305824 0.00567499 0.00986447 0.0122038 0.0360441 0.0349508 0.0425302 0.0455885 0.043631 0.0263692 0.0813137 0.0477957 0.0404375 0.0398323 0.0421048 0.0321689 0.026558 0.0248716 0.0250924 0.0195519 0.0185354 0.0188298 0.0170818 0.0183156 0.0211686 0.00981373 0.025934 0.0183263 0.00689562 0.0434627 0.0454281 0.0869985 0.149951 0.239196 
-107228 0.123408 7.40243e-08 -0.0394965 0.00788546 8.18318e-08 -1.06409e-07 0.808997 1.13026 -0.00497935 -0.00189979 0.00133218 0.00818623 0.00416656 0.0045613 0.00229439 -0.00215995 0.000101194 0.0072184 0.000973829 0.00387627 0.00949985 0.0156689 0.0319196 0.0298548 0.0363344 0.0391785 0.0357099 0.0252056 0.0477957 0.0895066 0.0517525 0.0489393 0.0485702 0.0365069 0.0253317 0.0213813 0.0232612 0.0223223 0.0161126 0.0176568 0.0137463 0.0195542 0.0207611 0.015833 0.0272161 0.0163718 0.00242367 0.0578625 0.0524118 0.105982 0.171872 0.271723 
-120134 0.312898 1.6394e-07 0.00561853 0.0274388 -1.75109e-07 2.66858e-08 2.91297 4.92379 -0.000256756 -0.0119499 0.00156262 -0.00441677 -0.00258853 0.00534211 0.0056507 0.0018502 -0.00275392 0.00730278 -0.00676507 0.00888121 0.00575397 0.0080734 0.0334399 0.0224359 0.0297987 0.0336282 0.0293874 0.0172848 0.0404375 0.0517525 0.099028 0.0521585 0.052675 0.0366937 0.0277354 0.0235888 0.0234242 0.0325339 0.0213731 0.0219426 0.0150618 0.0153587 0.0100944 0.0127799 0.021995 0.00944278 -0.00236038 0.0522684 0.0489783 0.108376 0.144667 0.27623 
-126097 0.405634 2.03215e-07 0.122402 0.0934674 -3.37199e-07 2.24401e-07 3.87176 6.62033 -0.00102852 -0.0020461 -0.00326018 0.00766716 -0.00186227 0.0100396 0.00672563 0.00590088 0.0174276 0.0115875 0.000266787 0.00877139 0.00383475 0.0035562 0.0256698 0.0224453 0.0281615 0.0368545 0.0365939 0.00225963 0.0398323 0.0489393 0.0521585 0.119383 0.0646389 0.0431578 0.0244736 0.0166631 0.0173755 0.0334382 0.0228147 0.0215336 0.0150218 0.0156481 0.0123551 0.0183394 0.0252384 0.00681142 0.0039164 0.0534399 0.0558382 0.122887 0.158114 0.263222 
-106954 -0.343413 -1.41516e-07 0.049235 0.0337635 1.29275e-06 -6.65321e-07 -4.53317 -8.66141 0.00662883 0.001739 0.0127238 0.00731677 0.0027757 0.0141953 0.00752034 0.0293216 0.0279444 0.0275046 0.0185472 0.0228636 -0.000724265 0.0113628 0.0334071 0.0305381 0.0405057 0.0401082 0.0422801 0.0151903 0.0421048 0.0485702 0.052675 0.0646389 0.376892 0.0554535 0.0374853 0.0335408 0.0373412 0.0543207 0.0463621 0.0213726 0.0238598 0.0274036 0.0303561 0.0139928 0.0346235 0.0329617 -0.0379306 0.0961267 0.0605879 0.111487 0.17661 0.308897 
-50413.8 0.328488 1.81103e-07 0.11689 -0.00874559 -2.5195e-07 1.91627e-07 3.07841 5.23791 -0.0103697 -0.0291672 -0.00637943 0.00204076 0.000158084 -0.0043242 -0.00304394 -0.0114969 0.00686478 -0.00164262 0.00102819 -0.00425935 0.00821917 -0.00198197 0.00236954 0.0162957 0.0217848 0.0275907 0.0334001 0.0118946 0.0321689 0.0365069 0.0366937 0.0431578 0.0554535 0.176959 0.036369 0.026542 0.0366428 0.0211965 0.0208577 0.0245213 0.0238782 0.0231741 0.0416677 0.0330702 0.0291079 0.0270661 -0.0106176 0.0590582 0.0212094 0.0822344 0.130946 0.209541 
-25734.9 -0.258621 -1.13584e-07 -0.0835871 -0.0221681 8.52175e-07 -2.41606e-07 -3.4384 -6.5695 -0.00255802 -0.00169426 0.00147156 -0.000921117 0.00371151 -0.000510659 -0.00581709 -0.00853155 -0.0113223 -0.00139372 -0.00741384 -0.00255397 0.0121082 0.0083049 0.0265563 0.0173339 0.0243015 0.0270396 0.0268079 0.0161487 0.026558 0.0253317 0.0277354 0.0244736 0.0374853 0.036369 0.107796 0.0749407 0.0738153 0.0562204 0.0421075 0.0388436 0.0338372 0.0316084 0.0345729 0.0216789 0.0371765 0.0286881 -0.001907 0.0509861 0.0442612 0.0748848 0.15994 0.252601 
-20575.9 -0.284743 -1.225e-07 -0.0825485 -0.0208038 9.57252e-07 -2.34705e-07 -3.84134 -7.35076 -0.00481534 -0.00450026 0.0029618 -0.00383112 0.00395851 -0.00270819 -0.00706954 -0.00926643 -0.014117 -0.00495685 -0.00596806 -0.00574068 0.0131885 0.0101542 0.02608 0.0189912 0.0261781 0.0283904 0.0277698 0.0189504 0.0248716 0.0213813 0.0235888 0.0166631 0.0335408 0.026542 0.0749407 0.128194 0.0990129 0.0753511 0.0542571 0.0484564 0.0421483 0.0384518 0.0391527 0.0305002 0.0452407 0.0333802 -0.00540273 0.0622199 0.0500845 0.083504 0.182287 0.286114 
-19223.5 -0.475699 -2.14293e-07 0.0523628 0.0150037 1.2819e-06 -4.5498e-07 -5.85863 -10.9602 0.000428367 -0.00247505 0.00643635 -0.00199759 0.00429332 0.00488769 0.00168769 -0.0102076 -0.00823161 -0.000745655 -0.00453267 -0.00369968 0.0116931 0.00987459 0.0167195 0.00935663 0.0177076 0.0243033 0.0296218 0.00553448 0.0250924 0.0232612 0.0234242 0.0173755 0.0373412 0.0366428 0.0738153 0.0990129 0.207172 0.08781 0.0539899 0.0422435 0.0274483 0.0288698 0.0386756 0.0286803 0.0461569 0.0397337 -0.0229015 0.076238 0.0512892 0.0694644 0.164511 0.258361 
-37901.2 -0.203272 -9.93378e-08 0.0226561 -0.0723926 6.34344e-07 -4.0035e-07 -2.76757 -5.34457 -0.00719366 0.00175639 -0.00484523 0.0106918 0.0147049 0.00695768 0.00644363 0.00137264 0.00824774 0.0276528 -0.0052174 0.0086028 0.0128236 0.00467099 0.00424366 0.0243457 0.0209234 0.0218787 0.0248867 -0.0160108 0.0195519 0.0223223 0.0325339 0.0334382 0.0543207 0.0211965 0.0562204 0.0753511 0.08781 0.405205 0.0793485 0.0248566 0.0310207 0.0246155 0.0143696 0.0183049 0.00607248 -0.023416 0.0021307 0.0211665 -0.0163282 0.0946903 0.141093 0.167092 
-26455.9 -0.223483 -8.99471e-08 0.135553 0.0498144 9.09603e-07 6.03814e-08 -3.06684 -5.89081 -0.0103103 -0.0148085 -0.01162 0.0080494 0.0183988 0.0144376 0.0129537 -0.00869546 0.00472239 -0.0112715 0.0232231 0.0453573 0.00319115 -0.00189288 0.0346712 0.0130474 0.0179257 0.0225594 0.0295284 -0.00573439 0.0185354 0.0161126 0.0213731 0.0228147 0.0463621 0.0208577 0.0421075 0.0542571 0.0539899 0.0793485 0.466355 0.0516645 0.0266746 0.0338812 0.032628 0.0455169 0.0533209 0.0085884 -0.0253979 0.0820597 0.0539259 0.0529568 0.112519 0.297994 
-21416.9 0.351505 1.98228e-07 0.00166202 0.0358783 3.09334e-08 3.24599e-07 2.9655 4.79377 -0.00518434 0.00199532 -0.00631082 -0.00743107 -0.000338215 -0.00424632 -0.0140126 -0.00392759 -0.00830519 -0.00352432 -0.0046773 -0.023379 -7.86727e-05 0.00472697 0.0161845 0.00903071 0.01989 0.0222923 0.0274719 0.00802088 0.0188298 0.0176568 0.0219426 0.0215336 0.0213726 0.0245213 0.0388436 0.0484564 0.0422435 0.0248566 0.0516645 0.163909 0.091869 0.0791652 0.0726117 0.0579696 0.0412497 0.0417603 -0.0161998 0.0685144 0.0694119 0.0861126 0.212396 0.326119 
-20466.9 0.498769 2.79905e-07 -0.09946 -0.0801539 -1.25233e-07 3.42808e-07 4.43829 7.34072 -0.00825893 -0.00388278 -0.0144589 -0.0105355 -0.0149537 -0.0119584 -0.01629 -0.021311 -0.021519 -0.0141741 -0.0108029 -0.0295571 -0.00440769 -0.00378111 0.0117825 0.00709446 0.0200363 0.0172089 0.0219559 0.0035503 0.0170818 0.0137463 0.0150618 0.0150218 0.0238598 0.0238782 0.0338372 0.0421483 0.0274483 0.0310207 0.0266746 0.091869 0.171483 0.0966729 0.0974126 0.0879318 0.0453545 0.0499458 -0.025388 0.0813416 0.0765523 0.0881137 0.228865 0.357515 
-17699.8 0.309722 1.87433e-07 -0.0421604 -0.0243898 2.58151e-07 1.71739e-07 2.27084 3.44805 -0.00700653 -0.0119876 -0.011198 -0.0063117 -0.00565824 -0.0152076 -0.0148651 -0.0180871 -0.0254912 -0.013899 -0.0134714 -0.0204674 -0.00634615 -0.000399894 0.0114575 0.0186035 0.0255424 0.0288072 0.029691 0.0117936 0.0183156 0.0195542 0.0153587 0.0156481 0.0274036 0.0231741 0.0316084 0.0384518 0.0288698 0.0246155 0.0338812 0.0791652 0.0966729 0.250796 0.116157 0.106453 0.0462304 0.0484049 -0.0198136 0.0817829 0.0908183 0.0999653 0.240118 0.384392 
-36781.4 0.474069 2.64268e-07 0.0279938 -0.00920546 1.48922e-08 2.49974e-07 3.98348 6.46474 -0.0078653 -0.00874877 -0.015664 -0.00115069 -0.0129157 -0.0306726 -0.0137079 -0.000683694 -0.0042615 -0.0138208 -0.00968147 -0.0128611 -0.00973796 -0.0175304 -0.00960138 0.0119368 0.0199559 0.0227068 0.0372013 0.028377 0.0211686 0.0207611 0.0100944 0.0123551 0.0303561 0.0416677 0.0345729 0.0391527 0.0386756 0.0143696 0.032628 0.0726117 0.0974126 0.116157 0.311347 0.126704 0.0577785 0.0129209 -0.0230258 0.0953067 0.0793787 0.105677 0.228834 0.427796 
-34460.2 1.4341 7.40402e-07 -0.00491041 -0.252663 -1.60415e-06 9.78899e-07 14.2041 24.654 -0.0099689 -0.00687179 -0.0206468 -0.0248627 -0.0229309 -0.0179286 -0.0048225 -0.0224753 -0.0161342 -0.0167637 -0.0155909 -0.0163912 -0.0180569 -0.0190482 -0.0255361 -0.0285412 -0.0148526 -0.00845118 0.0115681 0.0101004 0.00981373 0.015833 0.0127799 0.0183394 0.0139928 0.0330702 0.0216789 0.0305002 0.0286803 0.0183049 0.0455169 0.0579696 0.0879318 0.106453 0.126704 0.365251 0.0353386 0.0534302 -0.0372374 0.0999161 0.0815725 0.110053 0.292377 0.427697 
6706.78 -0.156118 -1.81195e-08 -0.133875 -0.0696145 1.01756e-06 -6.34363e-07 -2.14691 -4.42468 0.0207015 -0.0131607 -0.0173883 -0.0156412 -0.0126736 -0.00638214 -0.00593835 0.0245601 0.030125 -0.00786743 0.00586795 0.0172983 0.0207477 0.022224 0.0380334 0.0287472 0.0287486 0.0279856 0.0324139 0.0110449 0.025934 0.0272161 0.021995 0.0252384 0.0346235 0.0291079 0.0371765 0.0452407 0.0461569 0.00607248 0.0533209 0.0412497 0.0453545 0.0462304 0.0577785 0.0353386 1.0229 0.0432648 -0.0725358 0.109174 0.00258585 0.135122 0.268248 0.346862 
-49520.3 0.155461 1.32479e-07 -0.087836 -0.0682791 6.71811e-07 -5.22386e-07 0.873389 0.871305 -0.0148433 -0.00695513 -0.00402368 0.0196806 0.00225375 -0.0192105 -5.89751e-05 -0.00805459 -0.006509 -0.00485479 0.030631 -0.000548657 0.00296819 0.0252976 0.00300462 0.00300639 0.00805363 0.0106133 0.0101989 0.0192043 0.0183263 0.0163718 0.00944278 0.00681142 0.0329617 0.0270661 0.0286881 0.0333802 0.0397337 -0.023416 0.0085884 0.0417603 0.0499458 0.0484049 0.0129209 0.0534302 0.0432648 0.659888 -0.131505 0.196017 0.0665927 0.186519 0.287124 0.389316 
-42561.1 0.0344642 3.75325e-08 -0.264276 -0.209878 7.17472e-07 -2.85824e-07 -1.59439 -4.25058 -0.0253251 -0.0381209 -0.00819416 -0.00621852 -0.0117053 0.00529726 -0.00230869 -0.00591487 0.00776343 -0.00227706 0.0140387 0.00154432 -0.0222503 -0.00783074 0.0245591 -0.0105295 0.00387586 0.00179946 0.000182231 -0.0425616 0.00689562 0.00242367 -0.00236038 0.0039164 -0.0379306 -0.0106176 -0.001907 -0.00540273 -0.0229015 0.0021307 -0.0253979 -0.0161998 -0.025388 -0.0198136 -0.0230258 -0.0372374 -0.0725358 -0.131505 1.04722 -0.400689 -0.0486215 0.14049 0.300217 0.395173 
-74061.9 0.390981 2.35919e-07 0.0301529 -0.00628378 7.27892e-07 -6.7154e-07 2.89004 4.15258 0.00955254 0.0668008 0.0357261 0.0263702 0.0297729 0.0181984 0.0299952 0.046316 0.0487807 0.010744 0.00922181 0.0223972 0.00542466 -0.0190347 0.0601699 0.0421397 0.0330436 0.0381881 0.0524153 0.0412549 0.0434627 0.0578625 0.0522684 0.0534399 0.0961267 0.0590582 0.0509861 0.0622199 0.076238 0.0211665 0.0820597 0.0685144 0.0813416 0.0817829 0.0953067 0.0999161 0.109174 0.196017 -0.400689 1.64926 0.0424532 0.176019 0.36851 0.678779 
-81135.3 -1.61703 -6.87915e-07 -0.135834 -0.0621646 3.69709e-06 -8.47501e-07 -18.89 -34.6725 0.0228805 0.0119061 0.0461032 0.0142723 0.0233859 0.0237443 0.0253009 0.0443062 0.0555103 0.0153457 -0.0193892 0.0415525 0.0334783 -0.00367491 0.0680353 0.0453497 0.0405618 0.0415891 0.0596376 0.0262429 0.0454281 0.0524118 0.0489783 0.0558382 0.0605879 0.0212094 0.0442612 0.0500845 0.0512892 -0.0163282 0.0539259 0.0694119 0.0765523 0.0908183 0.0793787 0.0815725 0.00258585 0.0665927 -0.0486215 0.0424532 1.64806 -0.0774058 0.485176 0.766597 
-468416 2.36145 1.22576e-06 -0.00943572 -0.0856389 -1.97557e-06 2.36585e-07 23.4513 40.0378 -0.00797371 -0.016852 -0.00698047 -0.000410544 -0.0150284 -0.000199536 -0.00944181 -0.0184477 -0.0278207 -0.010948 -0.0229852 -0.0277835 0.021888 0.000953291 0.0383766 0.0100547 0.0468892 0.058497 0.0670862 0.030966 0.0869985 0.105982 0.108376 0.122887 0.111487 0.0822344 0.0748848 0.083504 0.0694644 0.0946903 0.0529568 0.0861126 0.0881137 0.0999653 0.105677 0.110053 0.135122 0.186519 0.14049 0.176019 -0.0774058 1.32443 0.307952 0.691651 
-465736 0.305716 2.54868e-07 -0.203035 -0.153774 1.91624e-06 5.76704e-08 -0.988224 -4.58529 -0.00976733 -0.00403535 -0.0161409 0.0115454 -0.00812353 -0.00735257 -0.0134765 0.0243104 -0.0054568 -0.00936003 -0.0151048 -0.00156947 0.0109422 0.0122821 0.122446 0.0988672 0.125019 0.129813 0.141345 0.0477814 0.149951 0.171872 0.144667 0.158114 0.17661 0.130946 0.15994 0.182287 0.164511 0.141093 0.112519 0.212396 0.228865 0.240118 0.228834 0.292377 0.268248 0.287124 0.300217 0.36851 0.485176 0.307952 2.36963 1.13464 
-857895 2.21066 1.26893e-06 -0.373177 -0.204343 1.36001e-06 6.61879e-09 17.0568 26.1359 -0.0583543 -0.057189 -0.0597757 -0.0135561 -0.00172279 -0.0278936 0.00929396 -0.0370426 0.016788 0.00786016 0.0415096 0.007487 0.0283823 0.0267187 0.166755 0.137939 0.205212 0.230527 0.234396 0.097435 0.239196 0.271723 0.27623 0.263222 0.308897 0.209541 0.252601 0.286114 0.258361 0.167092 0.297994 0.326119 0.357515 0.384392 0.427796 0.427697 0.346862 0.389316 0.395173 0.678779 0.766597 0.691651 1.13464 4.15776 
*end

*info[messages_encountered]
Values {string}
Setting the random number seed to 21036
Estimable parameters were set from the input configuration files
Creating default report for catchability synop_biomass_q
Creating default report for catchability AMLR_q
Creating default report for catchability FsrvBiomass_q
Creating default report for derived quantity SSB
Creating default report for addressable transformations SimplexYCS
Creating default report for observation synop_biom
Creating default report for observation AMLRsrv
Creating default report for observation FsrvBiomass
Creating default report for observation ProportionAtLength_Fshry
Creating default report for observation ProportionAtLength_trawl
Creating default report for observation ProportionAtLength_German
Creating default report for process Recruitment
Creating default report for process Ageing
Creating default report for process Instantaneous_Mortality
Creating default report for selectivity MaturationSel
skipping the default report for Fsh_lf_Sel this is a length based selectivity. Create a seperate report for this
skipping the default report for AMLR_lf_Sel this is a length based selectivity. Create a seperate report for this
skipping the default report for AMLR_ac_Sel this is a length based selectivity. Create a seperate report for this
skipping the default report for Fsh_ac_Sel this is a length based selectivity. Create a seperate report for this
skipping the default report for synopSel this is a length based selectivity. Create a seperate report for this
Creating default report for selectivity One
The filename for the report 'objectives' has been modified to objectives.1 as the write_mode is incremental_suffix
The filename for the report 'samples' has been modified to samples.1 as the write_mode is incremental_suffix
Initiating MCMC run mode
Beginning MCMC iterations
Starting MCMC random_walk
Adapting step_size from 0.02 to 0.06525 after 1000 iterations
Adapting step_size from 0.06525 to 0.112828 after 2000 iterations
Adapting step_size from 0.112828 to 0.123014 after 5000 iterations
Adapting step_size from 0.123014 to 0.114813 after 10000 iterations
MCMC execution complete
*end

