Casal2 (https://github.com/alistairdunn1/CASAL2)
Call: casal2 -e 
Date: Mon Aug 21 11:22:49 2023
Seed: 42169
Version: v23.07 (2023-07-11)
Copyright (c) 2017-2023, NIWA (www.niwa.co.nz)
Environment: User=Doug.Kinzey Machine=SWC-DKINZEY-D OS=Windows_NT PID=9032


*initialisation_partition[Equilibrium_state]
values {dataframe_with_row_labels}
category 1 2 3 4 5 6
KRILL 0.000000 5822005084169.367188 2141795976861.523193 787922707071.060913 289860565163.592041 168692097165.189178
*end

*estimate_value[summary]
values {dataframe}
process[Recruitment].b0 selectivity[Fsh_lf_Sel].a50 selectivity[Fsh_lf_Sel].ato95 selectivity[AMLR_lf_Sel].a50 selectivity[AMLR_lf_Sel].ato95 selectivity[AMLR_ac_Sel].a50 selectivity[AMLR_ac_Sel].ato95 selectivity[Fsh_ac_Sel].a50 selectivity[Fsh_ac_Sel].ato95 process[Recruitment].recruitment_multipliers{1976} process[Recruitment].recruitment_multipliers{1977} process[Recruitment].recruitment_multipliers{1978} process[Recruitment].recruitment_multipliers{1979} process[Recruitment].recruitment_multipliers{1980} process[Recruitment].recruitment_multipliers{1981} process[Recruitment].recruitment_multipliers{1982} process[Recruitment].recruitment_multipliers{1983} process[Recruitment].recruitment_multipliers{1984} process[Recruitment].recruitment_multipliers{1985} process[Recruitment].recruitment_multipliers{1986} process[Recruitment].recruitment_multipliers{1987} process[Recruitment].recruitment_multipliers{1988} process[Recruitment].recruitment_multipliers{1989} process[Recruitment].recruitment_multipliers{1990} process[Recruitment].recruitment_multipliers{1991} process[Recruitment].recruitment_multipliers{1992} process[Recruitment].recruitment_multipliers{1993} process[Recruitment].recruitment_multipliers{1994} process[Recruitment].recruitment_multipliers{1995} process[Recruitment].recruitment_multipliers{1996} process[Recruitment].recruitment_multipliers{1997} process[Recruitment].recruitment_multipliers{1998} process[Recruitment].recruitment_multipliers{1999} process[Recruitment].recruitment_multipliers{2000} process[Recruitment].recruitment_multipliers{2001} process[Recruitment].recruitment_multipliers{2002} process[Recruitment].recruitment_multipliers{2003} process[Recruitment].recruitment_multipliers{2004} process[Recruitment].recruitment_multipliers{2005} process[Recruitment].recruitment_multipliers{2006} process[Recruitment].recruitment_multipliers{2007} process[Recruitment].recruitment_multipliers{2008} process[Recruitment].recruitment_multipliers{2009} process[Recruitment].recruitment_multipliers{2010} process[Recruitment].recruitment_multipliers{2011} process[Recruitment].recruitment_multipliers{2012} process[Recruitment].recruitment_multipliers{2013} process[Recruitment].recruitment_multipliers{2014} process[Recruitment].recruitment_multipliers{2015} process[Recruitment].recruitment_multipliers{2016} process[Recruitment].recruitment_multipliers{2017} process[Recruitment].recruitment_multipliers{2018} process[Recruitment].recruitment_multipliers{2019} process[Recruitment].recruitment_multipliers{2020} process[Recruitment].recruitment_multipliers{2021} 
3.2551e+06 34.4337 1.54188e-07 51.2663 20.789 9.95493 0.102628 0.853289 5.15231 0.977786 0.974629 0.983003 0.978148 0.98504 0.941751 0.985493 0.987877 1.02551 0.959698 0.969507 0.985876 0.962234 0.948494 0.958995 1.01407 1.16276 0.995559 0.921924 0.831168 1.10278 1.13114 0.980791 0.891652 0.788 0.889606 1.10189 1.24676 0.883287 0.868097 0.901325 1.05065 1.06667 0.964712 0.952897 1.01729 0.972851 0.984881 0.986208 0.982107 0.988394 0.999682 0.998474 0.996376 0.985977 0.980491 
*end

*objective_function[objective]
values {vector}
observation->synop_biom->2000 -0.843939
observation->synop_biom->2019 -1.939
observation->AMLRsrv->1996 0.46257
observation->AMLRsrv->1997 1.45082
observation->AMLRsrv->1998 0.193798
observation->AMLRsrv->1999 -0.144385
observation->AMLRsrv->2000 0.567221
observation->AMLRsrv->2001 0.211978
observation->AMLRsrv->2002 1.60664
observation->AMLRsrv->2003 -0.160725
observation->AMLRsrv->2004 0.978405
observation->AMLRsrv->2005 0.0146923
observation->AMLRsrv->2006 -0.207687
observation->AMLRsrv->2007 0.65121
observation->AMLRsrv->2008 -0.119969
observation->AMLRsrv->2009 -0.0274609
observation->AMLRsrv->2010 0.382168
observation->AMLRsrv->2011 -0.0315757
observation->FsrvBiomass->2014 -0.110276
observation->FsrvBiomass->2015 -0.00165377
observation->FsrvBiomass->2016 -0.176376
observation->FsrvBiomass->2018 0.0113938
observation->FsrvBiomass->2019 0.0675605
observation->FsrvBiomass->2020 0.516059
observation->ProportionAtLength_Fshry->2011 -0.198045
observation->ProportionAtLength_Fshry->2012 -8.65802
observation->ProportionAtLength_Fshry->2013 -43.279
observation->ProportionAtLength_Fshry->2014 -39.9609
observation->ProportionAtLength_Fshry->2015 -12.874
observation->ProportionAtLength_Fshry->2016 -40.1001
observation->ProportionAtLength_Fshry->2018 -18.904
observation->ProportionAtLength_Fshry->2019 -2.89041
observation->ProportionAtLength_trawl->1991 3.89632
observation->ProportionAtLength_trawl->1992 -25.664
observation->ProportionAtLength_trawl->1993 1.05744
observation->ProportionAtLength_trawl->1994 22.1305
observation->ProportionAtLength_trawl->1995 -6.09457
observation->ProportionAtLength_trawl->1996 -37.1548
observation->ProportionAtLength_trawl->1997 -26.4792
observation->ProportionAtLength_trawl->1998 -19.6786
observation->ProportionAtLength_trawl->1999 21.2207
observation->ProportionAtLength_trawl->2000 43.0293
observation->ProportionAtLength_trawl->2001 -33.553
observation->ProportionAtLength_trawl->2002 7.01373
observation->ProportionAtLength_trawl->2003 -28.6813
observation->ProportionAtLength_trawl->2004 -4.42068
observation->ProportionAtLength_trawl->2005 18.7629
observation->ProportionAtLength_trawl->2006 0.834559
observation->ProportionAtLength_trawl->2007 -3.11599
observation->ProportionAtLength_trawl->2008 -29.2507
observation->ProportionAtLength_trawl->2009 -4.08318
observation->ProportionAtLength_trawl->2010 10.7156
observation->ProportionAtLength_trawl->2011 -24.6894
observation->ProportionAtLength_German->1981 15.1334
observation->ProportionAtLength_German->1982 -20.4912
observation->ProportionAtLength_German->1984 34.7627
observation->ProportionAtLength_German->1985 20.1719
observation->ProportionAtLength_German->1986 5.17446
observation->ProportionAtLength_German->1987 14.4907
penalty->CatchMustBeTaken1 0
prior->B0->process[Recruitment].b0 14.9957
prior->Fsh_lfSel_a50->selectivity[Fsh_lf_Sel].a50 0
prior->Fsh_lfSel_ato95->selectivity[Fsh_lf_Sel].ato95 0
prior->AMLR_lf_Sel_a50->selectivity[AMLR_lf_Sel].a50 0
prior->AMLR_lf_Sel_ato95->selectivity[AMLR_lf_Sel].ato95 0
prior->AMLR_ac_Sel_a50->selectivity[AMLR_ac_Sel].a50 0
prior->AMLR_ac_Sel_ato95->selectivity[AMLR_ac_Sel].ato95 0
prior->Fsh_ac_Sel_a50->selectivity[Fsh_ac_Sel].a50 0
prior->Fsh_ac_Sel_ato95->selectivity[Fsh_ac_Sel].ato95 0
prior->YCS->process[Recruitment].recruitment_multipliers{1976} -0.0128491
prior->YCS->process[Recruitment].recruitment_multipliers{1977} -0.0117725
prior->YCS->process[Recruitment].recruitment_multipliers{1978} -0.0128881
prior->YCS->process[Recruitment].recruitment_multipliers{1979} -0.0129214
prior->YCS->process[Recruitment].recruitment_multipliers{1980} -0.012321
prior->YCS->process[Recruitment].recruitment_multipliers{1981} 0.0486904
prior->YCS->process[Recruitment].recruitment_multipliers{1982} -0.0121509
prior->YCS->process[Recruitment].recruitment_multipliers{1983} -0.0109918
prior->YCS->process[Recruitment].recruitment_multipliers{1984} 0.0635738
prior->YCS->process[Recruitment].recruitment_multipliers{1985} 0.00433704
prior->YCS->process[Recruitment].recruitment_multipliers{1986} -0.00831307
prior->YCS->process[Recruitment].recruitment_multipliers{1987} -0.0119944
prior->YCS->process[Recruitment].recruitment_multipliers{1988} 0.000299045
prior->YCS->process[Recruitment].recruitment_multipliers{1989} 0.0287381
prior->YCS->process[Recruitment].recruitment_multipliers{1990} 0.00555389
prior->YCS->process[Recruitment].recruitment_multipliers{1991} 0.0300249
prior->YCS->process[Recruitment].recruitment_multipliers{1992} 1.09324
prior->YCS->process[Recruitment].recruitment_multipliers{1993} -0.00427987
prior->YCS->process[Recruitment].recruitment_multipliers{1994} 0.131198
prior->YCS->process[Recruitment].recruitment_multipliers{1995} 1.02567
prior->YCS->process[Recruitment].recruitment_multipliers{1996} 0.512638
prior->YCS->process[Recruitment].recruitment_multipliers{1997} 0.764366
prior->YCS->process[Recruitment].recruitment_multipliers{1998} -0.0131346
prior->YCS->process[Recruitment].recruitment_multipliers{1999} 0.330123
prior->YCS->process[Recruitment].recruitment_multipliers{2000} 1.8046
prior->YCS->process[Recruitment].recruitment_multipliers{2001} 0.346924
prior->YCS->process[Recruitment].recruitment_multipliers{2002} 0.505422
prior->YCS->process[Recruitment].recruitment_multipliers{2003} 2.18365
prior->YCS->process[Recruitment].recruitment_multipliers{2004} 0.401632
prior->YCS->process[Recruitment].recruitment_multipliers{2005} 0.550924
prior->YCS->process[Recruitment].recruitment_multipliers{2006} 0.256557
prior->YCS->process[Recruitment].recruitment_multipliers{2007} 0.168641
prior->YCS->process[Recruitment].recruitment_multipliers{2008} 0.256975
prior->YCS->process[Recruitment].recruitment_multipliers{2009} -0.00312786
prior->YCS->process[Recruitment].recruitment_multipliers{2010} 0.0178611
prior->YCS->process[Recruitment].recruitment_multipliers{2011} 0.0385277
prior->YCS->process[Recruitment].recruitment_multipliers{2012} -0.0108127
prior->YCS->process[Recruitment].recruitment_multipliers{2013} -0.0123769
prior->YCS->process[Recruitment].recruitment_multipliers{2014} -0.0118493
prior->YCS->process[Recruitment].recruitment_multipliers{2015} -0.0130344
prior->YCS->process[Recruitment].recruitment_multipliers{2016} -0.0106821
prior->YCS->process[Recruitment].recruitment_multipliers{2017} 0.00116851
prior->YCS->process[Recruitment].recruitment_multipliers{2018} -0.00055993
prior->YCS->process[Recruitment].recruitment_multipliers{2019} -0.00330143
prior->YCS->process[Recruitment].recruitment_multipliers{2020} -0.0119511
prior->YCS->process[Recruitment].recruitment_multipliers{2021} -0.0131383
additional_prior->YCS_average_1 0.00022436
additional_prior->smooth_YCS 0
additional_prior->synop_biomass_q 6.27586e-10
additional_prior->AMLR_q 1.16539
additional_prior->FsrvBiomass_q 0.842199
total_score -181.115
*end

*hessian_matrix[Hessian]
hessian_matrix {matrix}
7.81962e-12 5.45517e-08 -2.75938e-05 4.64403e-08 -2.431e-07 1.46268e-08 1.06637e-07 -6.87032e-08 1.67218e-08 -4.49774e-09 -2.61353e-08 -8.44058e-08 -2.65957e-08 1.0376e-07 -4.03372e-07 1.43659e-07 -1.25035e-08 1.9591e-07 3.68156e-08 -1.21875e-07 5.13396e-09 -1.68656e-07 -8.39285e-07 5.07281e-08 4.25936e-07 3.79534e-07 -7.91109e-07 3.92787e-07 2.5647e-07 1.00579e-07 1.18035e-06 1.57357e-06 2.5852e-06 1.59504e-06 -7.68964e-07 9.81624e-08 1.67768e-07 -3.6548e-07 3.99309e-07 -7.29443e-07 4.50153e-07 7.0689e-07 4.95459e-08 -7.95317e-07 5.35651e-07 2.79212e-07 2.39835e-07 4.10653e-07 8.54047e-07 2.26394e-06 3.37166e-06 5.91245e-06 4.08524e-06 5.10366e-08 -3.51278e-08 
5.45517e-08 0.657027 -290.155 0.0638474 -0.016056 -0.0303641 -0.0515277 -0.0833344 -0.00627981 -0.00272263 -0.00281368 -0.000106915 0.00994965 0.012282 -0.0352987 0.0171239 0.0144464 0.0338728 -0.0133738 -0.00192991 -0.0071103 -0.0264075 -0.0782522 -0.0028554 -0.0106168 0.0353912 -0.200286 0.0913703 -0.00749028 0.00319546 0.0814053 0.0204143 0.135217 -0.0913066 0.0242088 -0.0319487 -0.0442415 -0.241184 0.149487 0.0799389 0.00713549 0.0827314 -0.0127364 -0.0604078 0.113997 0.0139739 0.00755294 0.0230058 0.0283054 0.126628 0.0912114 0.0539239 0.0742252 0.00870015 -0.000811915 
-2.75938e-05 -290.155 3.96643e+06 343.774 -14.4177 -222.266 -466.28 -472.665 643.075 6.57391 -66.8945 8.90237 44.4413 -14.2092 -6.43904 -44.8569 -40.4508 -44.9169 -24.5342 -6.56762 -48.7214 50.868 -225.126 126.982 -107.817 61.4662 -359.65 36.2586 -92.6 55.1882 149.391 381.844 75.4803 -240.653 80.7068 149.075 134.664 -248.543 87.1693 -160.736 -84.0603 -51.2021 -74.1562 -298.183 -69.7651 -51.446 30.2186 0.113359 -39.0076 -46.3313 72.7912 296.009 48.2446 -29.2616 15.3279 
4.64403e-08 0.0638474 343.774 0.520775 -0.580986 -0.0674055 -0.564775 0.127794 0.0141009 0.005861 0.0176992 0.0254103 0.127069 0.0439215 -0.118193 0.041835 0.042866 -0.00743725 -0.0535132 -0.0151587 0.0107939 0.036016 0.109678 0.183378 0.0780538 0.213917 0.00326108 0.00420197 -0.118267 -0.106559 0.0406689 0.144983 0.153824 -0.476942 -0.0118559 -0.000438908 0.125782 -0.162416 0.0299357 -0.0640314 -0.0464261 -0.000940385 -0.0042652 -0.228147 -0.0486041 0.0776254 0.00407536 -0.0189059 0.0328839 0.1265 -0.0390128 0.149438 0.116766 0.0181256 0.00173697 
-2.431e-07 -0.016056 -14.4177 -0.580986 1.27517 -0.0031322 0.188844 -0.0129656 -0.000434771 -0.03188 -0.0579118 -0.0580334 -0.218397 -0.148691 0.0567455 0.00302586 -0.122471 0.00781885 0.00120518 -0.0144263 0.000127223 -0.0966074 -0.0586391 -0.497927 -0.4191 -0.261136 -0.101644 0.336215 -0.094575 0.134336 -0.103051 -0.20675 -0.552871 0.965843 0.0354264 -0.0387981 -0.242269 -0.00462679 -0.109489 0.0308159 -0.0897397 0.0216489 -0.0464856 0.368269 0.0975082 -0.150765 -0.0371114 -0.0163155 -0.0501011 -0.259782 0.116277 -0.230142 -0.0360333 -0.0386685 -0.0235056 
1.46268e-08 -0.0303641 -222.266 -0.0674055 -0.0031322 0.0747267 -0.195787 -0.0675998 -0.00789554 0.00872144 0.00881161 0.00368445 -0.00392923 0.00373893 0.01507 -0.00410358 -0.00651358 -0.0259138 0.02286 0.00977381 0.0128455 0.0263502 0.081928 -0.0391957 0.0471465 -0.0220147 0.121084 0.0237529 -0.0307168 0.00263176 -0.0632091 -0.0657347 -0.0480926 0.0766959 0.024448 -0.0114763 -0.0145554 0.172616 -0.0502061 0.00584041 -0.00909809 -0.0665126 0.0139355 0.094151 -0.0805006 -0.00123779 0.00141855 -0.0106115 -0.00135763 -0.0642333 -0.051276 -0.0159494 -0.0357482 0.00375431 0.00772844 
1.06637e-07 -0.0515277 -466.28 -0.564775 0.188844 -0.195787 4.94447 -0.198824 -0.0508233 -0.066804 -0.0721001 -0.00561831 -0.0170481 -0.0327473 0.0151131 0.138324 0.0114756 0.260509 -0.340124 -0.152926 -0.0921689 -0.422511 -0.27461 0.45725 -0.330978 0.217473 -0.636747 -0.851394 0.92638 0.0248548 0.405965 0.13645 0.427042 0.205963 -0.564309 0.169426 -0.254748 -0.715782 0.477823 0.580888 -0.203249 0.656113 -0.0895661 -0.434022 0.720528 0.00729646 0.00461472 0.0686293 0.0189381 0.488307 0.196722 -0.531169 0.0390402 0.0357356 -0.0463609 
-6.87032e-08 -0.0833344 -472.665 0.127794 -0.0129656 -0.0675998 -0.198824 0.390261 -0.178516 -0.00429003 -0.00372406 -0.00472732 0.00787322 0.00158893 -0.021321 -0.0122984 0.0147052 0.00868192 0.0191897 0.0122847 -0.00437284 0.0218899 -0.0579349 -0.0180974 -0.015126 -0.0278722 0.00179587 0.0389768 -0.0573067 -0.0211417 0.000964105 0.00922161 -0.0352596 -0.110427 0.004243 -0.0289585 0.0507163 -0.131678 -0.0520572 -0.106252 0.0841232 0.0469714 0.00604437 -0.0397149 0.0469243 -0.00149968 -0.0104337 0.00345742 -0.00297154 0.0305873 0.0462643 0.0150946 0.023874 -0.00634879 -0.00342288 
1.67218e-08 -0.00627981 643.075 0.0141009 -0.000434771 -0.00789554 -0.0508233 -0.178516 0.139459 -0.00104178 -0.00082741 0.00514135 0.00225862 -0.000186769 0.00561321 0.00227738 -0.00461817 -0.00810842 -0.00753085 -0.00656847 -0.00139765 -0.00452681 -0.0083472 0.0162464 -0.00909832 0.0192699 -0.0427862 0.00294775 -0.0017131 0.00972213 0.0186969 0.046321 0.0189365 -0.00282634 0.0138192 0.0233271 0.00645223 0.0118606 0.0265519 0.00999661 -0.0355384 -0.0316114 -0.00940399 -0.0236406 -0.0253493 -0.00357927 8.27288e-05 -0.00109665 -0.00253508 -0.0151942 -0.0105258 0.0404862 0.00494678 -0.00296724 0.000869238 
-4.49774e-09 -0.00272263 6.57391 0.005861 -0.03188 0.00872144 -0.066804 -0.00429003 -0.00104178 79.753 -0.170562 -0.507876 -0.384785 -0.47208 -0.261548 -0.591231 -0.541979 0.0708069 0.0929188 0.216807 -0.0143165 0.695393 -0.385859 0.20959 0.230431 -0.133208 -0.00511621 -0.188246 -0.133372 0.293081 0.050469 0.0351503 -0.20901 -0.0105162 -0.0610203 0.337961 0.0170168 -0.2206 -0.23624 -0.28795 0.302578 0.587856 -0.0599678 -0.325125 -0.29663 -0.0329278 0.810021 -0.00935446 -0.192629 -0.0745534 0.468855 0.0921154 -0.167599 -0.02701 -0.35628 
-2.61353e-08 -0.00281368 -66.8945 0.0176992 -0.0579118 0.00881161 -0.0721001 -0.00372406 -0.00082741 -0.170562 82.3726 -1.08346 -1.68801 -0.479455 -0.287278 -0.0338957 0.942523 0.523458 -0.0764863 -0.270728 1.46373 -0.436369 -0.381346 0.436058 0.491321 0.158663 0.169741 -0.353304 -0.127405 -0.168476 0.0229294 0.00332017 -0.269445 0.0449552 -0.384187 -1.24254 1.10188 -0.123233 -0.158357 -0.392586 -0.271252 -1.01746 -0.112815 -0.448022 1.32573 -0.35143 -0.638662 1.00669 0.539881 0.12382 -0.156275 0.444899 -0.178697 -0.733451 -1.37046 
-8.44058e-08 -0.000106915 8.90237 0.0254103 -0.0580334 0.00368445 -0.00561831 -0.00472732 0.00514135 -0.507876 -1.08346 82.7264 2.56926 2.15833 0.767722 1.6341 0.968736 -1.58138 -0.189172 -0.024566 -0.299169 0.461097 -0.0627051 -0.0812568 -0.15473 0.0941731 0.0153852 -0.0745745 -0.159847 0.215938 0.105903 -0.0562093 -0.198274 0.0186865 -0.203128 0.449345 -0.075575 -0.134327 -0.208815 -0.203317 -0.380725 0.370789 -0.140209 -0.132598 0.502304 -2.34243 -2.2828 -0.376371 -0.231758 -0.328397 0.288459 0.160803 -0.166101 0.52372 1.85914 
-2.65957e-08 0.00994965 44.4413 0.127069 -0.218397 -0.00392923 -0.0170481 0.00787322 0.00225862 -0.384785 -1.68801 2.56926 85.7025 0.336122 -0.278155 0.329934 0.867987 -0.941178 -0.624755 -0.374565 -0.960409 -0.462376 0.166592 -0.469147 -0.466613 0.576627 0.122814 0.244799 0.253551 0.170279 0.195911 -0.0791162 0.0486949 -0.0324898 -0.132272 1.12071 -0.475765 -0.126087 0.0591134 0.377799 0.37683 0.462924 0.0138751 -0.282161 0.133142 -1.18362 -1.48089 -0.860349 -0.436628 -0.107096 0.147974 -0.086685 0.295019 0.74726 1.86608 
1.0376e-07 0.012282 -14.2092 0.0439215 -0.148691 0.00373893 -0.0327473 0.00158893 -0.000186769 -0.47208 -0.479455 2.15833 0.336122 84.3648 -0.0992145 1.59521 0.583586 -1.16194 0.682589 -0.508666 -0.0456856 0.00358959 -0.448089 0.360816 0.456345 -0.513304 -0.180897 -0.356965 0.16495 0.0619839 0.338908 0.19048 0.239631 -0.0775852 0.223507 -0.0413787 0.292067 -0.0523825 -0.160331 -0.197625 0.00170672 -0.385421 0.132637 -0.0402944 0.725051 -0.932185 -2.13361 -0.409176 -0.389066 0.172378 -0.2887 0.337949 -0.00744312 0.358244 1.26243 
-4.03372e-07 -0.0352987 -6.43904 -0.118193 0.0567455 0.01507 0.0151131 -0.021321 0.00561321 -0.261548 -0.287278 0.767722 -0.278155 -0.0992145 89.7838 0.452225 -0.0741186 -0.773548 0.311249 -0.466389 0.135568 -0.523582 -0.65505 0.294692 0.141176 0.551396 -0.387911 -0.559595 -1.42039 -0.267456 0.200271 0.0285031 -1.04377 -0.805165 -0.616773 -0.010353 0.315702 -0.799158 -0.414588 -1.51909 0.284744 -0.302644 -0.294834 -0.693851 -0.0511542 -0.111977 -1.03788 -0.461105 -0.286202 -0.0490813 -0.607704 0.824566 -0.292426 0.198417 0.495392 
1.43659e-07 0.0171239 -44.8569 0.041835 0.00302586 -0.00410358 0.138324 -0.0122984 0.00227738 -0.591231 -0.0338957 1.6341 0.329934 1.59521 0.452225 84.1051 0.132314 -0.99587 0.79232 -1.0102 -0.0221277 -1.22347 -0.22043 0.346026 0.309248 0.0684952 0.0376385 -0.44641 0.481937 -0.41547 0.621065 0.0942027 0.321872 -0.0086242 0.0394682 -0.470325 0.379031 0.268429 0.415369 0.484953 0.213264 -1.32389 0.45038 0.155131 0.786209 0.301259 -2.1178 -0.622798 -0.441187 0.686358 -1.15 0.32883 0.940773 0.173847 0.59625 
-1.25035e-08 0.0144464 -40.4508 0.042866 -0.122471 -0.00651358 0.0114756 0.0147052 -0.00461817 -0.541979 0.942523 0.968736 0.867987 0.583586 -0.0741186 0.132314 81.679 -0.885909 -0.973552 -0.295578 0.680846 -0.880899 0.173298 -0.214483 -0.2896 0.769816 0.132387 0.224376 0.36592 -0.345771 0.182777 -0.10726 0.029377 0.0873415 -0.425086 -0.538267 0.464658 -0.0333781 0.189813 0.183208 -0.477227 -0.620083 -0.0664581 -0.280908 1.22495 -1.26765 -2.00668 0.371015 0.465422 0.120145 -0.386403 0.0012012 0.303184 -0.150718 0.155008 
1.9591e-07 0.0338728 -44.9169 -0.00743725 0.00781885 -0.0259138 0.260509 0.00868192 -0.00810842 0.0708069 0.523458 -1.58138 -0.941178 -1.16194 -0.773548 -0.99587 -0.885909 75.8049 -0.784006 -0.30534 -0.0198813 -0.784141 0.358496 -0.33971 -0.425602 0.60976 -0.140036 0.117677 0.697306 -0.36201 0.125906 0.0189342 0.357449 0.443245 -0.13295 -0.161991 -0.280041 0.288796 0.898755 0.653789 0.100522 -0.150177 0.160755 0.111999 -0.214753 1.32898 0.98048 -0.0123067 0.248876 0.422054 -0.572488 -0.228508 0.559943 -0.114943 -0.904198 
3.68156e-08 -0.0133738 -24.5342 -0.0535132 0.00120518 0.02286 -0.340124 0.0191897 -0.00753085 0.0929188 -0.0764863 -0.189172 -0.624755 0.682589 0.311249 0.79232 -0.973552 -0.784006 86.0848 -0.749562 -0.208879 -0.737249 -1.55968 0.894057 1.2617 -1.34597 -0.80238 -1.22989 -1.03035 0.199039 0.277138 0.617888 -0.140808 -0.844968 0.7475 0.219719 0.530459 -0.92009 -0.931296 -1.82572 1.66647 -0.454831 0.0308615 -0.476376 -0.308343 1.21455 0.196114 -0.22505 -0.486962 0.445647 -0.570774 1.22705 -1.17268 0.0760334 0.128267 
-1.21875e-07 -0.00192991 -6.56762 -0.0151587 -0.0144263 0.00977381 -0.152926 0.0122847 -0.00656847 0.216807 -0.270728 -0.024566 -0.374565 -0.508666 -0.466389 -1.0102 -0.295578 -0.30534 -0.749562 82.5136 -0.318389 1.24177 -0.394463 0.0515668 -0.0851815 0.0756373 -0.0297595 -0.0624127 -0.33696 0.329771 -0.0478315 -0.0179352 -0.519193 0.433168 -0.378348 0.278248 0.189605 -0.541574 -0.636266 -0.777785 -0.268197 1.01276 -0.352477 -0.490812 0.181957 -0.970378 0.521616 0.340932 0.191135 -0.391621 0.698443 0.0775269 -0.469228 -0.0648848 0.0150629 
5.13396e-09 -0.0071103 -48.7214 0.0107939 0.000127223 0.0128455 -0.0921689 -0.00437284 -0.00139765 -0.0143165 1.46373 -0.299169 -0.960409 -0.0456856 0.135568 -0.0221277 0.680846 -0.0198813 -0.208879 -0.318389 80.3115 0.414467 -0.417342 0.408005 0.47439 -0.444208 -0.0368593 -0.242771 -0.0329607 0.0932967 -0.105485 0.0607963 -0.133877 0.0751403 -0.113112 -0.73012 0.733733 -0.0414848 -0.270168 -0.389761 -0.170804 -0.556502 -0.16299 -0.40724 0.987972 -0.814004 -0.715121 0.645995 0.221858 -0.146196 0.337369 0.298286 -0.380459 -0.505707 -0.451685 
-1.68656e-07 -0.0264075 50.868 0.036016 -0.0966074 0.0263502 -0.422511 0.0218899 -0.00452681 0.695393 -0.436369 0.461097 -0.462376 0.00358959 -0.523582 -1.22347 -0.880899 -0.784141 -0.737249 1.24177 0.414467 87.0113 -0.546606 -0.269626 -0.212749 -1.25217 -0.513657 -0.307377 -1.06247 0.803655 -0.466166 0.225091 -0.644573 -0.0152224 0.0213723 0.225459 0.342001 -0.798658 -1.3553 -1.7228 -1.19709 2.11809 -0.629596 -0.646362 0.143314 -1.70398 0.955563 0.652313 0.49451 -0.917016 1.53381 0.385731 -1.85544 0.0681658 0.402592 
-8.39285e-07 -0.0782522 -225.126 0.109678 -0.0586391 0.081928 -0.27461 -0.0579349 -0.0083472 -0.385859 -0.381346 -0.0627051 0.166592 -0.448089 -0.65505 -0.22043 0.173298 0.358496 -1.55968 -0.394463 -0.417342 -0.546606 89.9696 -1.77408 -2.28642 1.27642 0.977369 1.28422 -1.25201 -0.537367 0.348748 -1.23212 -2.03996 -0.140011 -1.35783 0.379111 -0.172094 0.0225299 -0.547862 1.67519 -1.48994 -0.0799966 -0.256954 0.220295 -0.387376 -0.512671 -0.382028 -0.580085 -0.0729857 -0.404279 0.129359 -0.676875 1.85678 -0.0233485 -0.255769 
5.07281e-08 -0.0028554 126.982 0.183378 -0.497927 -0.0391957 0.45725 -0.0180974 0.0162464 0.20959 0.436058 -0.0812568 -0.469147 0.360816 0.294692 0.346026 -0.214483 -0.33971 0.894057 0.0515668 0.408005 -0.269626 -1.77408 90.6999 -0.911696 -3.38105 -2.06029 -0.996555 -0.142158 -0.096538 -0.599453 1.58307 0.748841 -0.575343 0.426848 -0.208871 0.197667 0.0126203 -0.127761 -1.18676 0.626391 -0.142219 -0.329583 -0.125022 -0.0322584 0.237321 0.104366 0.381293 0.0620832 0.0365358 0.0467242 0.635755 -1.36379 -0.0260489 0.0732798 
4.25936e-07 -0.0106168 -107.817 0.0780538 -0.4191 0.0471465 -0.330978 -0.015126 -0.00909832 0.230431 0.491321 -0.15473 -0.466613 0.456345 0.141176 0.309248 -0.2896 -0.425602 1.2617 -0.0851815 0.47439 -0.212749 -2.28642 -0.911696 85.9293 -4.61616 -2.47337 -2.23641 -1.56584 0.650106 -0.513819 -0.412598 -0.330576 -0.292798 0.703604 -0.48036 0.349412 -0.600854 -0.63962 -2.04718 1.14547 -0.444975 -0.0980084 -0.152588 -0.187452 0.228023 0.0183972 0.350907 -0.104295 -0.150674 -0.0451342 1.22065 -1.8942 -0.0833554 0.0537976 
3.79534e-07 0.0353912 61.4662 0.213917 -0.261136 -0.0220147 0.217473 -0.0278722 0.0192699 -0.133208 0.158663 0.0941731 0.576627 -0.513304 0.551396 0.0684952 0.769816 0.60976 -1.34597 0.0756373 -0.444208 -1.25217 1.27642 -3.38105 -4.61616 69.2881 -3.53984 -1.82764 1.38331 -1.08528 0.450721 0.858452 1.59445 1.1767 0.203434 0.352914 -0.623747 1.61402 0.489905 3.09603 -0.925413 0.514409 0.346493 0.990031 0.492856 0.401701 0.0992577 0.272843 0.708625 0.892661 -0.14943 -0.486636 1.70371 0.1044 0.00269077 
-7.91109e-07 -0.200286 -359.65 0.00326108 -0.101644 0.121084 -0.636747 0.00179587 -0.0427862 -0.00511621 0.169741 0.0153852 0.122814 -0.180897 -0.387911 0.0376385 0.132387 -0.140036 -0.80238 -0.0297595 -0.0368593 -0.513657 0.977369 -2.06029 -2.47337 -3.53984 95.2247 -3.33817 -2.03421 -0.917187 0.0118297 -0.0287213 -2.30513 -2.67551 0.360103 1.30274 1.42019 0.584952 -0.3988 0.405138 -0.891088 -0.662794 -0.227131 0.691731 -0.902929 0.0859945 0.200687 0.138987 0.846473 -0.094043 -0.0258667 0.274776 0.763502 0.0880479 -0.00813167 
3.92787e-07 0.0913703 36.2586 0.00420197 0.336215 0.0237529 -0.851394 0.0389768 0.00294775 -0.188246 -0.353304 -0.0745745 0.244799 -0.356965 -0.559595 -0.44641 0.224376 0.117677 -1.22989 -0.0624127 -0.242771 -0.307377 1.28422 -0.996555 -2.23641 -1.82764 -3.33817 109.519 -6.23721 -3.26286 -2.01141 -2.23854 -0.191246 4.0349 -1.74502 -1.34227 -2.11048 -0.893233 -0.746906 1.35996 -1.34494 -0.0100398 -0.139033 0.747432 -0.689128 -0.591167 -0.383469 -0.577163 -0.237167 -0.829721 0.187731 -1.15815 0.968141 0.0603614 -0.0666639 
2.5647e-07 -0.00749028 -92.6 -0.118267 -0.094575 -0.0307168 0.92638 -0.0573067 -0.0017131 -0.133372 -0.127405 -0.159847 0.253551 0.16495 -1.42039 0.481937 0.36592 0.697306 -1.03035 -0.33696 -0.0329607 -1.06247 -1.25201 -0.142158 -1.56584 1.38331 -2.03421 -6.23721 129.739 -4.19115 -0.844879 -1.7937 -2.09346 2.77385 -1.59052 0.132249 0.143349 -1.25645 0.591156 -0.449344 0.250087 2.30129 -0.229676 -2.01633 1.26724 0.337265 -0.191079 -0.440648 0.0507052 0.566112 -1.44125 -0.159503 -0.188097 0.268954 -0.0726878 
1.00579e-07 0.00319546 55.1882 -0.106559 0.134336 0.00263176 0.0248548 -0.0211417 0.00972213 0.293081 -0.168476 0.215938 0.170279 0.0619839 -0.267456 -0.41547 -0.345771 -0.36201 0.199039 0.329771 0.0932967 0.803655 -0.537367 -0.096538 0.650106 -1.08528 -0.917187 -3.26286 -4.19115 75.7595 -2.77637 -0.054356 -0.262167 -1.65297 -0.131001 0.473725 0.34429 -0.0969542 -0.624141 -0.556569 -0.0885333 0.182524 -0.514374 -0.0874639 -0.0738749 -0.309939 0.506042 0.356778 0.32947 -0.00325641 1.07317 1.39541 -0.65871 0.0509599 0.230288 
1.18035e-06 0.0814053 149.391 0.0406689 -0.103051 -0.0632091 0.405965 0.000964105 0.0186969 0.050469 0.0229294 0.105903 0.195911 0.338908 0.200271 0.621065 0.182777 0.125906 0.277138 -0.0478315 -0.105485 -0.466166 0.348748 -0.599453 -0.513819 0.450721 0.0118297 -2.01141 -0.844879 -2.77637 71.4677 -1.69337 -0.0719009 0.402454 -0.424339 -0.062842 -0.183006 0.146769 0.92953 0.424882 0.201918 -0.155269 0.0687449 0.324157 0.162634 0.885853 0.16705 -0.0242504 0.350805 0.85258 -0.375255 0.598307 0.737313 0.171299 0.120626 
1.57357e-06 0.0204143 381.844 0.144983 -0.20675 -0.0657347 0.13645 0.00922161 0.046321 0.0351503 0.00332017 -0.0562093 -0.0791162 0.19048 0.0285031 0.0942027 -0.10726 0.0189342 0.617888 -0.0179352 0.0607963 0.225091 -1.23212 1.58307 -0.412598 0.858452 -0.0287213 -2.23854 -1.7937 -0.054356 -1.69337 96.6039 -3.68785 -3.89224 -0.641672 -0.268409 0.459035 -0.967251 -1.03143 -0.891763 0.870113 0.169409 -0.088457 -1.41134 0.496596 0.229622 0.0853974 0.0790213 -0.0555141 0.413995 -0.245134 0.851813 -0.80089 -0.0180636 -0.0272634 
2.5852e-06 0.135217 75.4803 0.153824 -0.552871 -0.0480926 0.427042 -0.0352596 0.0189365 -0.20901 -0.269445 -0.198274 0.0486949 0.239631 -1.04377 0.321872 0.029377 0.357449 -0.140808 -0.519193 -0.133877 -0.644573 -2.03996 0.748841 -0.330576 1.59445 -2.30513 -0.191246 -2.09346 -0.262167 -0.0719009 -3.68785 119.108 -5.18714 -5.79011 -1.06896 -0.211507 -3.68654 0.189623 -1.56562 0.493981 0.775125 -0.35602 -2.42867 0.726272 0.210841 -0.306127 -0.466029 -0.381579 0.574852 -0.440497 0.442876 0.0544981 0.0392672 -0.166546 
1.59504e-06 -0.0913066 -240.653 -0.476942 0.965843 0.0766959 0.205963 -0.110427 -0.00282634 -0.0105162 0.0449552 0.0186865 -0.0324898 -0.0775852 -0.805165 -0.0086242 0.0873415 0.443245 -0.844968 0.433168 0.0751403 -0.0152224 -0.140011 -0.575343 -0.292798 1.1767 -2.67551 4.0349 2.77385 -1.65297 0.402454 -3.89224 -5.18714 175.451 -10.1293 -2.41316 -2.19683 0.730336 0.23881 0.806749 -1.00801 1.04899 -0.39557 -0.196222 1.14356 -0.492768 -0.112441 -0.0315465 -0.297996 -1.2326 -1.00913 -4.43774 -1.40528 0.126832 -0.0640599 
-7.68964e-07 0.0242088 80.7068 -0.0118559 0.0354264 0.024448 -0.564309 0.004243 0.0138192 -0.0610203 -0.384187 -0.203128 -0.132272 0.223507 -0.616773 0.0394682 -0.425086 -0.13295 0.7475 -0.378348 -0.113112 0.0213723 -1.35783 0.426848 0.703604 0.203434 0.360103 -1.74502 -1.59052 -0.131001 -0.424339 -0.641672 -5.79011 -10.1293 112.203 -2.54992 -0.85196 -2.12805 -0.720886 -2.35505 0.870164 -0.227073 -0.255349 -1.04768 -0.247516 0.150043 -0.0969281 -0.478427 -0.551619 0.0251017 0.0274115 1.32279 -0.0384547 -0.0368209 -0.086702 
9.81624e-08 -0.0319487 149.075 -0.000438908 -0.0387981 -0.0114763 0.169426 -0.0289585 0.0233271 0.337961 -1.24254 0.449345 1.12071 -0.0413787 -0.010353 -0.470325 -0.538267 -0.161991 0.219719 0.278248 -0.73012 0.225459 0.379111 -0.208871 -0.48036 0.352914 1.30274 -1.34227 0.132249 0.473725 -0.062842 -0.268409 -1.06896 -2.41316 -2.54992 74.3195 -2.69489 -0.672978 -0.226427 0.304701 0.117046 0.542236 -0.0703719 0.243105 -0.548399 0.547298 0.955905 -0.265768 0.0885316 0.246797 0.478298 0.864477 0.558894 0.354946 0.556872 
1.67768e-07 -0.0442415 134.664 0.125782 -0.242269 -0.0145554 -0.254748 0.0507163 0.00645223 0.0170168 1.10188 -0.075575 -0.475765 0.292067 0.315702 0.379031 0.464658 -0.280041 0.530459 0.189605 0.733733 0.342001 -0.172094 0.197667 0.349412 -0.623747 1.42019 -2.11048 0.143349 0.34429 -0.183006 0.459035 -0.211507 -2.19683 -0.85196 -2.69489 60.0713 -2.80197 -2.24659 -1.53897 0.157254 -0.92241 -0.153408 0.00111091 0.114797 -0.0244873 -0.274347 0.670538 0.666527 0.37339 0.429889 1.86305 0.142491 -0.143529 -0.119715 
-3.6548e-07 -0.241184 -248.543 -0.162416 -0.00462679 0.172616 -0.715782 -0.131678 0.0118606 -0.2206 -0.123233 -0.134327 -0.126087 -0.0523825 -0.799158 0.268429 -0.0333781 0.288796 -0.92009 -0.541574 -0.0414848 -0.798658 0.0225299 0.0126203 -0.600854 1.61402 0.584952 -0.893233 -1.25645 -0.0969542 0.146769 -0.967251 -3.68654 0.730336 -2.12805 -0.672978 -2.80197 114.151 -4.95803 -2.27817 -0.976178 0.398217 -0.186913 -0.64976 0.0641448 -0.173053 -0.279037 -0.342262 0.0242227 -0.0158162 -0.412099 0.836957 0.342543 0.056853 -0.182592 
3.99309e-07 0.149487 87.1693 0.0299357 -0.109489 -0.0502061 0.477823 -0.0520572 0.0265519 -0.23624 -0.158357 -0.208815 0.0591134 -0.160331 -0.414588 0.415369 0.189813 0.898755 -0.931296 -0.636266 -0.270168 -1.3553 -0.547862 -0.127761 -0.63962 0.489905 -0.3988 -0.746906 0.591156 -0.624141 0.92953 -1.03143 0.189623 0.23881 -0.720886 -0.226427 -2.24659 -4.95803 114.574 -3.00311 -1.12931 1.21649 0.141959 -1.24523 1.41264 0.310287 -0.171623 -0.159967 -0.186683 1.12305 -0.398137 0.264138 0.372399 0.00548711 -0.228635 
-7.29443e-07 0.0799389 -160.736 -0.0640314 0.0308159 0.00584041 0.580888 -0.106252 0.00999661 -0.28795 -0.392586 -0.203317 0.377799 -0.197625 -1.51909 0.484953 0.183208 0.653789 -1.82572 -0.777785 -0.389761 -1.7228 1.67519 -1.18676 -2.04718 3.09603 0.405138 1.35996 -0.449344 -0.556569 0.424882 -0.891763 -1.56562 0.806749 -2.35505 0.304701 -1.53897 -2.27817 -3.00311 106.494 -4.03953 -1.22038 -0.449619 0.258039 -0.578249 0.503833 -0.000472545 -0.559869 0.506398 0.4892 -0.650954 -0.836877 1.55448 0.271992 -0.199735 
4.50153e-07 0.00713549 -84.0603 -0.0464261 -0.0897397 -0.00909809 -0.203249 0.0841232 -0.0355384 0.302578 -0.271252 -0.380725 0.37683 0.00170672 0.284744 0.213264 -0.477227 0.100522 1.66647 -0.268197 -0.170804 -1.19709 -1.48994 0.626391 1.14547 -0.925413 -0.891088 -1.34494 0.250087 -0.0885333 0.201918 0.870113 0.493981 -1.00801 0.870164 0.117046 0.157254 -0.976178 -1.12931 -4.03953 79.0863 -2.16575 -0.688831 -1.05313 -0.269724 1.62688 0.629966 -0.106106 -0.32971 0.566113 -0.630934 1.33803 -0.925207 0.0739985 0.0799333 
7.0689e-07 0.0827314 -51.2021 -0.000940385 0.0216489 -0.0665126 0.656113 0.0469714 -0.0316114 0.587856 -1.01746 0.370789 0.462924 -0.385421 -0.302644 -1.32389 -0.620083 -0.150177 -0.454831 1.01276 -0.556502 2.11809 -0.0799966 -0.142219 -0.444975 0.514409 -0.662794 -0.0100398 2.30129 0.182524 -0.155269 0.169409 0.775125 1.04899 -0.227073 0.542236 -0.92241 0.398217 1.21649 -1.22038 -2.16575 76.0404 -1.68725 -1.43279 -0.173304 -0.418682 1.25861 0.0463336 0.0572203 -0.296516 0.81421 -0.377583 -0.0480082 0.254029 0.559136 
4.95459e-08 -0.0127364 -74.1562 -0.0042652 -0.0464856 0.0139355 -0.0895661 0.00604437 -0.00940399 -0.0599678 -0.112815 -0.140209 0.0138751 0.132637 -0.294834 0.45038 -0.0664581 0.160755 0.0308615 -0.352477 -0.16299 -0.629596 -0.256954 -0.329583 -0.0980084 0.346493 -0.227131 -0.139033 -0.229676 -0.514374 0.0687449 -0.088457 -0.35602 -0.39557 -0.255349 -0.0703719 -0.153408 -0.186913 0.141959 -0.449619 -0.688831 -1.68725 88.8482 -1.83582 -1.10114 0.606036 0.0195748 -0.278155 -0.0488136 0.269878 -0.855026 0.305267 0.185666 0.0781023 -0.0417092 
-7.95317e-07 -0.0604078 -298.183 -0.228147 0.368269 0.094151 -0.434022 -0.0397149 -0.0236406 -0.325125 -0.448022 -0.132598 -0.282161 -0.0402944 -0.693851 0.155131 -0.280908 0.111999 -0.476376 -0.490812 -0.40724 -0.646362 0.220295 -0.125022 -0.152588 0.990031 0.691731 0.747432 -2.01633 -0.0874639 0.324157 -1.41134 -2.42867 -0.196222 -1.04768 0.243105 0.00111091 -0.64976 -1.24523 0.258039 -1.05313 -1.43279 -1.83582 88.8839 -1.30628 -0.31276 -0.350034 -0.505523 -0.440805 -0.373657 0.084603 0.0360316 0.828004 -0.111533 -0.228494 
5.35651e-07 0.113997 -69.7651 -0.0486041 0.0975082 -0.0805006 0.720528 0.0469243 -0.0253493 -0.29663 1.32573 0.502304 0.133142 0.725051 -0.0511542 0.786209 1.22495 -0.214753 -0.308343 0.181957 0.987972 0.143314 -0.387376 -0.0322584 -0.187452 0.492856 -0.902929 -0.689128 1.26724 -0.0738749 0.162634 0.496596 0.726272 1.14356 -0.247516 -0.548399 0.114797 0.0641448 1.41264 -0.578249 -0.269724 -0.173304 -1.10114 -1.30628 77.1816 -0.969516 -1.13891 0.710725 0.761307 0.276101 -0.312368 0.354576 -0.519238 -0.00224198 0.0307588 
2.79212e-07 0.0139739 -51.446 0.0776254 -0.150765 -0.00123779 0.00729646 -0.00149968 -0.00357927 -0.0329278 -0.35143 -2.34243 -1.18362 -0.932185 -0.111977 0.301259 -1.26765 1.32898 1.21455 -0.970378 -0.814004 -1.70398 -0.512671 0.237321 0.228023 0.401701 0.0859945 -0.591167 0.337265 -0.309939 0.885853 0.229622 0.210841 -0.492768 0.150043 0.547298 -0.0244873 -0.173053 0.310287 0.503833 1.62688 -0.418682 0.606036 -0.31276 -0.969516 84.4794 1.60181 -1.09131 -0.756161 1.25301 -1.19274 0.319389 1.38417 0.0938617 -1.05539 
2.39835e-07 0.00755294 30.2186 0.00407536 -0.0371114 0.00141855 0.00461472 -0.0104337 8.27288e-05 0.810021 -0.638662 -2.2828 -1.48089 -2.13361 -1.03788 -2.1178 -2.00668 0.98048 0.196114 0.521616 -0.715121 0.955563 -0.382028 0.104366 0.0183972 0.0992577 0.200687 -0.383469 -0.191079 0.506042 0.16705 0.0853974 -0.306127 -0.112441 -0.0969281 0.955905 -0.274347 -0.279037 -0.171623 -0.000472545 0.629966 1.25861 0.0195748 -0.350034 -1.13891 1.60181 81.7968 -0.138037 -0.342356 0.164102 0.748731 0.106787 0.279746 0.0521832 -0.546299 
4.10653e-07 0.0230058 0.113359 -0.0189059 -0.0163155 -0.0106115 0.0686293 0.00345742 -0.00109665 -0.00935446 1.00669 -0.376371 -0.860349 -0.409176 -0.461105 -0.622798 0.371015 -0.0123067 -0.22505 0.340932 0.645995 0.652313 -0.580085 0.381293 0.350907 0.272843 0.138987 -0.577163 -0.440648 0.356778 -0.0242504 0.0790213 -0.466029 -0.0315465 -0.478427 -0.265768 0.670538 -0.342262 -0.159967 -0.559869 -0.106106 0.0463336 -0.278155 -0.505523 0.710725 -1.09131 -0.138037 79.4959 0.741599 0.0242302 0.948679 0.752935 -0.246957 -0.59854 -0.429449 
8.54047e-07 0.0283054 -39.0076 0.0328839 -0.0501011 -0.00135763 0.0189381 -0.00297154 -0.00253508 -0.192629 0.539881 -0.231758 -0.436628 -0.389066 -0.286202 -0.441187 0.465422 0.248876 -0.486962 0.191135 0.221858 0.49451 -0.0729857 0.0620832 -0.104295 0.708625 0.846473 -0.237167 0.0507052 0.32947 0.350805 -0.0555141 -0.381579 -0.297996 -0.551619 0.0885316 0.666527 0.0242227 -0.186683 0.506398 -0.32971 0.0572203 -0.0488136 -0.440805 0.761307 -0.756161 -0.342356 0.741599 79.2802 0.51196 1.11244 1.07757 1.46432 -0.276607 -0.423824 
2.26394e-06 0.126628 -46.3313 0.1265 -0.259782 -0.0642333 0.488307 0.0305873 -0.0151942 -0.0745534 0.12382 -0.328397 -0.107096 0.172378 -0.0490813 0.686358 0.120145 0.422054 0.445647 -0.391621 -0.146196 -0.917016 -0.404279 0.0365358 -0.150674 0.892661 -0.094043 -0.829721 0.566112 -0.00325641 0.85258 0.413995 0.574852 -1.2326 0.0251017 0.246797 0.37339 -0.0158162 1.12305 0.4892 0.566113 -0.296516 0.269878 -0.373657 0.276101 1.25301 0.164102 0.0242302 0.51196 79.1084 0.855995 2.56876 2.42202 0.0352242 -0.207982 
3.37166e-06 0.0912114 72.7912 -0.0390128 0.116277 -0.051276 0.196722 0.0462643 -0.0105258 0.468855 -0.156275 0.288459 0.147974 -0.2887 -0.607704 -1.15 -0.386403 -0.572488 -0.570774 0.698443 0.337369 1.53381 0.129359 0.0467242 -0.0451342 -0.14943 -0.0258667 0.187731 -1.44125 1.07317 -0.375255 -0.245134 -0.440497 -1.00913 0.0274115 0.478298 0.429889 -0.412099 -0.398137 -0.650954 -0.630934 0.81421 -0.855026 0.084603 -0.312368 -1.19274 0.748731 0.948679 1.11244 0.855995 79.3235 4.01806 1.71003 0.00364726 0.335766 
5.91245e-06 0.0539239 296.009 0.149438 -0.230142 -0.0159494 -0.531169 0.0150946 0.0404862 0.0921154 0.444899 0.160803 -0.086685 0.337949 0.824566 0.32883 0.0012012 -0.228508 1.22705 0.0775269 0.298286 0.385731 -0.676875 0.635755 1.22065 -0.486636 0.274776 -1.15815 -0.159503 1.39541 0.598307 0.851813 0.442876 -4.43774 1.32279 0.864477 1.86305 0.836957 0.264138 -0.836877 1.33803 -0.377583 0.305267 0.0360316 0.354576 0.319389 0.106787 0.752935 1.07757 2.56876 4.01806 82.0363 3.91697 0.0777493 0.111929 
4.08524e-06 0.0742252 48.2446 0.116766 -0.0360333 -0.0357482 0.0390402 0.023874 0.00494678 -0.167599 -0.178697 -0.166101 0.295019 -0.00744312 -0.292426 0.940773 0.303184 0.559943 -1.17268 -0.469228 -0.380459 -1.85544 1.85678 -1.36379 -1.8942 1.70371 0.763502 0.968141 -0.188097 -0.65871 0.737313 -0.80089 0.0544981 -1.40528 -0.0384547 0.558894 0.142491 0.342543 0.372399 1.55448 -0.925207 -0.0480082 0.185666 0.828004 -0.519238 1.38417 0.279746 -0.246957 1.46432 2.42202 1.71003 3.91697 80.583 0.645116 -0.0778982 
5.10366e-08 0.00870015 -29.2616 0.0181256 -0.0386685 0.00375431 0.0357356 -0.00634879 -0.00296724 -0.02701 -0.733451 0.52372 0.74726 0.358244 0.198417 0.173847 -0.150718 -0.114943 0.0760334 -0.0648848 -0.505707 0.0681658 -0.0233485 -0.0260489 -0.0833554 0.1044 0.0880479 0.0603614 0.268954 0.0509599 0.171299 -0.0180636 0.0392672 0.126832 -0.0368209 0.354946 -0.143529 0.056853 0.00548711 0.271992 0.0739985 0.254029 0.0781023 -0.111533 -0.00224198 0.0938617 0.0521832 -0.59854 -0.276607 0.0352242 0.00364726 0.0777493 0.645116 78.2535 0.316691 
