Casal2 (https://github.com/alistairdunn1/CASAL2)
Call: casal2 -m 
Date: Mon Aug 21 11:23:43 2023
Seed: 42223
Version: v23.07 (2023-07-11)
Copyright (c) 2017-2023, NIWA (www.niwa.co.nz)
Environment: User=Doug.Kinzey Machine=SWC-DKINZEY-D OS=Windows_NT PID=22104


*info[messages_encountered]
Values {string}
Setting the random number seed to 42223
Estimable parameters were set from the input configuration files
Initiating point estimate run mode
Estimation_phase 1
Estimation with the betadiff minimiser
*end

*mcmc_covariance[MCMCcovariance]
MCMC_covariance{matrix}
1.47002e+11 71532.6 1.12785 32191.9 39749.8 516704 41680.9 380561 512514 73.2916 135.639 127.592 90.8653 -113.416 682.667 -220.755 63.923 -328.411 29.3244 264.607 21.7989 302.885 1299.95 110.799 -584.607 -535.102 1107.02 -785.895 -286.93 -167.33 -2307.88 -2526.5 -3009.45 -1864.57 805.142 -86.4569 -35.8279 528.557 -307.538 986.765 -639.653 -1302.26 -72.0933 1144.95 -947.988 -264.851 -270.448 -578.014 -1212.64 -3470.06 -5651.31 -9855.98 -6850.02 -13.206 76.0585 
71532.6 3329.45 0.00340916 -0.546461 -0.138251 17770 1406.7 12332.8 17428.1 0.226251 0.165457 -1.1827 -0.911468 -0.920141 -0.380195 -0.728547 -0.525515 0.52374 0.0278085 0.12244 -0.0161584 0.064631 -0.00826835 0.0122392 0.015617 -0.0113509 0.0151283 -0.000557426 -0.00314557 0.0128909 -0.0367794 0.00504709 -0.0129524 0.0156817 0.0149561 0.0179102 -0.0547735 -0.000933879 0.0132223 0.0332013 0.142847 0.145181 0.0212031 0.00552606 -0.326667 0.722829 1.00477 0.0952644 0.0383887 0.0618213 0.0516992 -0.0787268 0.0219966 -0.136286 -0.573226 
1.12785 0.00340916 0.0025 4.49049e-05 9.76325e-06 0.020286 0.00126726 0.00345689 -0.0156162 -1.3156e-06 2.67839e-06 -1.79084e-10 -1.54015e-06 -2.22938e-07 -8.32528e-08 1.42473e-06 1.47348e-06 1.61746e-06 -5.19676e-07 -1.14043e-06 1.21466e-06 -3.03286e-06 7.85304e-07 -5.6179e-07 -7.24557e-07 1.83453e-06 6.30684e-07 2.12931e-07 6.06468e-07 -1.40502e-06 7.95039e-07 -2.38525e-07 2.16721e-07 -1.74161e-07 -3.24831e-07 -1.3516e-06 8.3534e-07 4.37592e-07 6.89989e-07 1.28045e-06 -2.86567e-07 -2.05975e-06 5.52132e-07 3.00971e-07 1.22099e-06 1.73068e-06 -1.86714e-06 2.78465e-07 6.77828e-07 1.36723e-06 -2.22854e-06 -2.12571e-07 1.97401e-06 -4.32143e-07 -1.59899e-06 
32191.9 -0.546461 4.49049e-05 10.7911 4.45699 11.4828 1.40143 -1.93833 -2.6307 0.000595436 0.000811244 -0.000196304 -0.00254818 0.00258276 0.00882472 -0.00759942 0.00298912 0.000280592 0.0081428 0.00419447 -0.00226315 0.00413313 -0.0161553 0.000681 0.00965649 -0.0151066 -0.00225361 -0.00391069 0.00577192 0.00525346 0.00412489 0.000604271 0.00776348 -0.00421564 0.00478475 0.00135716 0.00608256 0.00533246 0.00194346 -0.00144711 0.0163304 -0.00255771 0.00279208 0.00250803 0.000587764 -0.0018147 0.000840304 0.00370102 -0.00170226 -0.000932009 0.00246113 0.00311862 -0.00819361 -0.00146637 0.000732439 
39749.8 -0.138251 9.76325e-06 4.45699 2.87632 5.58137 0.627714 -0.409526 -0.505585 0.000581003 0.000875603 0.000450052 0.000945261 0.00242978 0.00340819 -0.0035112 0.00246343 0.000112756 0.00327956 0.00204158 -0.00103561 0.00280811 -0.00607462 0.00498265 0.00818616 -0.00317513 9.96451e-05 -0.00403726 0.00325522 0.000782508 0.00262384 0.00135972 0.00642091 -0.00629371 0.00157126 0.00100285 0.0054994 0.00252137 0.0016844 -0.000334326 0.00760303 -0.00134042 0.0014993 -0.00200126 -0.000817948 0.000491664 0.000758881 0.00165988 -0.000534801 0.00150231 -0.00114768 0.00121692 -0.00454936 -0.00026095 0.00049641 
516704 17770 0.020286 11.4828 5.58137 148191 9384.8 82278.2 116272 1.50986 1.10223 -7.89308 -6.08398 -6.1357 -2.5305 -4.87109 -3.50135 3.50118 0.193722 0.822314 -0.113976 0.43351 -0.0953581 0.0841822 0.1114 -0.0931061 0.0666723 -0.000820181 -0.0144256 0.0946383 -0.221547 0.0428655 -0.0648594 0.089579 0.107124 0.118702 -0.361819 -0.032772 0.103797 0.223727 0.978813 0.983292 0.142386 0.025298 -2.15777 4.82089 6.70734 0.64419 0.256211 0.430692 0.366409 -0.512675 0.146613 -0.911045 -3.8244 
41680.9 1406.7 0.00126726 1.40143 0.627714 9384.8 928.641 6513.25 9204.25 0.11986 0.0873236 -0.624795 -0.481635 -0.485504 -0.199822 -0.386355 -0.277207 0.276269 0.0166349 0.0658016 -0.00890077 0.0357763 -0.00728679 0.00540812 0.0101611 -0.00881497 0.00700615 0.00134828 -0.00216446 0.00777068 -0.0189802 0.00273656 -0.00560053 0.00720709 0.00976059 0.00906652 -0.0279409 -0.000371518 0.00743788 0.0166418 0.0786203 0.0758796 0.0116101 0.00365455 -0.173036 0.381405 0.531141 0.0509333 0.020144 0.0323677 0.028439 -0.0393243 0.0107664 -0.0722002 -0.302417 
380561 12332.8 0.00345689 -1.93833 -0.409526 82278.2 6513.25 71378.6 80695.3 1.05164 0.759555 -5.47916 -4.2185 -4.26123 -1.76236 -3.37794 -2.43752 2.42466 0.129735 0.570424 -0.0784584 0.305491 -0.0448153 0.0573386 0.0745947 -0.0564756 0.0566712 0.00136971 -0.0156922 0.0647452 -0.166597 0.0231644 -0.0544527 0.0704668 0.0721639 0.0835067 -0.262719 -0.0158028 0.0675727 0.157615 0.663026 0.683757 0.0962638 0.0235724 -1.50816 3.34494 4.66057 0.442459 0.177893 0.290809 0.250027 -0.365189 0.0984277 -0.62942 -2.65132 
512514 17428.1 -0.0156162 -2.6307 -0.505585 116272 9204.25 80695.3 142544 1.4916 1.06157 -7.74194 -5.9538 -6.01957 -2.49011 -4.7793 -3.44976 3.41957 0.186619 0.811591 -0.116119 0.445421 -0.067282 0.0819847 0.109351 -0.0899725 0.0800004 0.00134311 -0.025196 0.0966628 -0.240231 0.0310442 -0.0787503 0.0998869 0.102566 0.121427 -0.374875 -0.0257338 0.0905767 0.215511 0.942394 0.978193 0.134584 0.0334012 -2.13356 4.71881 6.59291 0.624196 0.248692 0.406911 0.365169 -0.516353 0.131274 -0.887299 -3.73919 
73.2916 0.226251 -1.3156e-06 0.000595436 0.000581003 1.50986 0.11986 1.05164 1.4916 0.0125625 3.63174e-05 -1.15364e-05 -1.00334e-05 7.43467e-07 1.05012e-05 2.59915e-05 3.82254e-05 2.56561e-05 -6.64647e-06 -1.58767e-05 4.21924e-07 -8.38311e-05 5.19045e-05 -2.58379e-05 -2.5334e-05 1.02748e-05 3.00739e-06 1.80984e-05 1.22873e-05 -4.12087e-05 -1.92352e-05 -1.40089e-06 2.35763e-05 -1.2859e-06 1.33887e-05 -5.20555e-05 -6.29299e-06 2.87831e-05 2.65611e-05 3.02245e-05 -3.52238e-05 -8.2919e-05 8.1385e-06 4.73574e-05 1.67641e-05 5.97928e-05 -3.96076e-05 1.2126e-05 3.44066e-05 1.19291e-05 -6.76012e-05 -1.87952e-05 1.65803e-05 -5.47875e-06 1.55013e-05 
135.639 0.165457 2.67839e-06 0.000811244 0.000875603 1.10223 0.0873236 0.759555 1.06157 3.63174e-05 0.0121842 8.9976e-05 0.000180097 2.28329e-05 2.53103e-05 -3.01566e-05 -0.000156223 -5.36258e-05 1.53684e-05 4.69953e-05 -0.000204347 6.36945e-05 5.15845e-05 -5.48247e-05 -6.0719e-05 -4.19496e-05 -1.88937e-05 3.34858e-05 1.70804e-05 2.70786e-05 -8.27846e-06 6.0778e-06 3.54277e-05 -3.60909e-06 5.21193e-05 0.000184599 -0.000197837 2.07755e-05 2.06108e-05 4.81289e-05 5.65483e-05 0.000153293 2.01997e-05 6.60163e-05 -0.000218118 9.00055e-05 0.000141124 -0.000133755 -6.9599e-05 -1.42892e-05 1.94951e-05 -7.38814e-05 1.96557e-05 9.77834e-05 0.000166046 
127.592 -1.1827 -1.79084e-10 -0.000196304 0.000450052 -7.89308 -0.624795 -5.47916 -7.74194 -1.15364e-05 8.9976e-05 0.0125671 -1.18071e-05 4.32378e-05 4.06281e-05 3.94801e-05 6.26521e-05 3.67371e-05 1.406e-05 -3.98769e-05 5.02045e-05 -8.23654e-05 1.84089e-05 7.32711e-06 1.69529e-05 -1.29667e-05 -4.66626e-06 7.99856e-06 1.80225e-05 -3.81556e-05 -9.31059e-06 4.77934e-06 2.65773e-05 -9.6064e-06 1.78947e-05 -7.53612e-05 3.5986e-05 2.10961e-05 1.85511e-05 1.34978e-05 -1.83593e-06 -0.000113148 9.17627e-06 1.78636e-05 4.71194e-05 5.65267e-05 -4.97747e-05 1.91901e-05 1.97734e-05 1.9526e-05 -6.88918e-05 -6.28828e-06 7.0263e-06 -2.43397e-05 -4.94005e-05 
90.8653 -0.911468 -1.54015e-06 -0.00254818 0.000945261 -6.08398 -0.481635 -4.2185 -5.9538 -1.00334e-05 0.000180097 -1.18071e-05 0.0119632 0.000231146 0.000146101 0.000169816 3.17981e-05 -1.43395e-05 7.04336e-05 2.10024e-05 0.000136662 4.81585e-05 -2.29281e-06 6.0158e-05 5.44064e-05 -7.39734e-05 -1.76383e-05 -3.02154e-05 -1.97391e-05 -4.06472e-05 -2.34455e-05 7.03679e-06 5.70806e-06 -1.19349e-05 4.22532e-06 -0.000170951 9.63436e-05 1.59695e-05 -5.50304e-06 -4.35574e-05 -0.000110778 -0.000108182 -8.94756e-06 3.14831e-05 6.68637e-05 -4.2825e-05 -7.57906e-05 9.22757e-05 5.315e-05 4.43026e-07 -4.4822e-05 2.66609e-05 -4.72322e-05 -6.41367e-05 -9.49622e-05 
-113.416 -0.920141 -2.22938e-07 0.00258276 0.00242978 -6.1357 -0.485504 -4.26123 -6.01957 7.43467e-07 2.28329e-05 4.32378e-05 0.000231146 0.012142 0.000130849 -3.10853e-06 7.72835e-05 1.72781e-05 -9.33797e-05 3.61848e-05 1.42593e-05 -1.95896e-05 5.30005e-05 -3.80098e-05 -4.93395e-05 8.64154e-05 1.93526e-05 3.03514e-05 -1.20112e-05 -1.50998e-05 -4.31489e-05 -2.06404e-05 -1.08598e-05 -1.06003e-05 -2.67683e-05 -3.62767e-06 -3.01202e-05 6.15646e-06 1.44256e-05 4.30283e-06 -3.0152e-05 1.1172e-05 -2.21905e-05 -2.99765e-06 -1.34823e-05 -8.00589e-05 1.0442e-05 3.41424e-05 4.73548e-05 -3.77877e-05 2.76582e-05 -1.15307e-05 -9.18048e-06 -1.22219e-05 -1.26894e-05 
682.667 -0.380195 -8.32528e-08 0.00882472 0.00340819 -2.5305 -0.199822 -1.76236 -2.49011 1.05012e-05 2.53103e-05 4.06281e-05 0.000146101 0.000130849 0.0112123 2.58045e-05 7.82719e-05 4.38938e-05 -2.147e-05 5.55081e-05 -1.61015e-05 6.82023e-05 7.89863e-05 -3.74614e-05 -6.73436e-06 -0.000126125 5.22015e-05 5.39506e-05 0.000138482 5.47367e-05 -3.24983e-05 2.11e-06 0.000110857 4.5286e-05 9.18456e-05 3.9849e-06 -3.39974e-05 0.000104921 4.77468e-05 0.000166173 -3.05238e-05 9.68933e-06 4.46204e-05 0.000110334 4.25629e-05 -7.19603e-05 2.16079e-05 5.77185e-05 2.79677e-05 -1.85563e-05 6.03518e-05 -0.000152157 -2.24251e-06 -1.40134e-05 3.30513e-06 
-220.755 -0.728547 1.42473e-06 -0.00759942 -0.0035112 -4.87109 -0.386355 -3.37794 -4.7793 2.59915e-05 -3.01566e-05 3.94801e-05 0.000169816 -3.10853e-06 2.58045e-05 0.0120936 0.000112745 3.61798e-05 -0.000116495 0.00010055 9.92197e-06 0.000125257 3.77898e-05 -4.86249e-05 -5.57827e-05 6.0536e-06 -1.21703e-05 4.37098e-05 -4.37511e-05 4.69859e-05 -8.42354e-05 -1.21415e-05 -3.06606e-05 -1.30567e-06 -1.36362e-05 6.44997e-05 -6.47692e-05 -3.85966e-05 -4.73155e-05 -6.15096e-05 -6.86746e-05 0.000164413 -6.18253e-05 -2.61906e-05 -3.82786e-05 -0.000200028 6.4144e-05 6.38699e-05 5.95005e-05 -0.00010048 0.000157078 -1.59109e-05 -0.000128383 9.33122e-06 4.51563e-05 
63.923 -0.525515 1.47348e-06 0.00298912 0.00246343 -3.50135 -0.277207 -2.43752 -3.44976 3.82254e-05 -0.000156223 6.26521e-05 3.17981e-05 7.72835e-05 7.82719e-05 0.000112745 0.0123577 5.59682e-05 0.000128462 2.27607e-05 -9.35103e-05 0.000111389 -1.66912e-05 2.65489e-05 3.50071e-05 -0.000125497 -2.11858e-05 -2.95471e-05 -2.64873e-05 4.31526e-05 -2.08006e-05 1.3181e-05 1.05709e-05 -1.02417e-05 4.26813e-05 7.66003e-05 -7.29261e-05 7.77045e-06 -1.68601e-05 -1.53269e-05 4.72754e-05 6.89812e-05 8.53626e-06 3.7136e-05 -0.000126795 5.59532e-05 0.000118538 -6.62977e-05 -7.08653e-05 -2.52019e-05 4.71058e-05 7.93539e-06 -4.89655e-05 4.45074e-05 7.31397e-05 
-328.411 0.52374 1.61746e-06 0.000280592 0.000112756 3.50118 0.276269 2.42466 3.41957 2.56561e-05 -5.36258e-05 3.67371e-05 -1.43395e-05 1.72781e-05 4.38938e-05 3.61798e-05 5.59682e-05 0.0133086 0.000117512 6.37721e-05 -3.66265e-06 0.000113389 -5.57151e-05 4.88588e-05 5.32895e-05 -9.30627e-05 9.62618e-06 -1.48256e-05 -6.22475e-05 5.25325e-05 -1.1301e-05 -1.70251e-06 -3.33397e-05 -2.48939e-05 4.19585e-06 3.17313e-05 3.87092e-05 -4.66244e-05 -9.51613e-05 -6.52542e-05 3.08238e-06 6.15331e-05 -1.75214e-05 -2.45196e-05 -8.78618e-06 -7.18829e-05 2.1411e-05 1.7978e-05 -3.11847e-05 -3.79637e-05 0.000116564 3.67472e-05 -5.81799e-05 -5.7553e-06 3.74604e-05 
29.3244 0.0278085 -5.19676e-07 0.0081428 0.00327956 0.193722 0.0166349 0.129735 0.186619 -6.64647e-06 1.53684e-05 1.406e-05 7.04336e-05 -9.33797e-05 -2.147e-05 -0.000116495 0.000128462 0.000117512 0.0116674 0.000111198 3.25907e-05 0.000113596 0.000171248 -9.59751e-05 -0.000120971 0.00017981 0.000110739 0.000125387 9.79604e-05 -6.38142e-06 -4.92325e-05 -5.96312e-05 2.57703e-05 3.82146e-05 -4.85981e-05 -3.97822e-05 -7.57113e-05 0.000109019 9.8635e-05 0.000175907 -0.000190618 4.4457e-05 5.33429e-06 6.89492e-05 3.29254e-05 -0.000151059 -1.50837e-05 3.599e-05 6.03222e-05 -6.88564e-05 8.48575e-05 -0.000162402 0.000153077 -1.51977e-05 -2.11493e-05 
264.607 0.12244 -1.14043e-06 0.00419447 0.00204158 0.822314 0.0658016 0.570424 0.811591 -1.58767e-05 4.69953e-05 -3.98769e-05 2.10024e-05 3.61848e-05 5.55081e-05 0.00010055 2.27607e-05 6.37721e-05 0.000111198 0.0121433 5.0482e-05 -0.000143815 5.38859e-05 -8.0962e-06 2.00851e-05 -3.4283e-05 8.43312e-06 8.83743e-06 3.52507e-05 -4.02522e-05 -7.70839e-06 3.69414e-06 5.62098e-05 -3.05829e-05 5.07248e-05 -4.17242e-05 -3.39291e-05 7.24538e-05 7.13783e-05 9.03785e-05 4.87519e-05 -0.000148196 4.59215e-05 7.5119e-05 -4.81635e-05 0.00015717 -2.81886e-05 -3.85356e-05 -2.50242e-05 4.52744e-05 -0.000100657 -3.1457e-05 4.72788e-05 3.33617e-06 -2.02036e-05 
21.7989 -0.0161584 1.21466e-06 -0.00226315 -0.00103561 -0.113976 -0.00890077 -0.0784584 -0.116119 4.21924e-07 -0.000204347 5.02045e-05 0.000136662 1.42593e-05 -1.61015e-05 9.92197e-06 -9.35103e-05 -3.66265e-06 3.25907e-05 5.0482e-05 0.0124708 -5.60242e-05 5.83507e-05 -5.20257e-05 -5.96361e-05 6.97102e-05 9.01534e-06 2.64892e-05 5.60362e-07 -1.22278e-05 9.75634e-06 -5.11541e-06 1.30613e-05 -3.9905e-06 1.63701e-05 0.0001049 -0.000133188 7.27467e-06 2.70622e-05 3.76442e-05 2.52795e-05 8.14934e-05 2.1418e-05 5.8335e-05 -0.000150475 0.000110042 9.68847e-05 -8.93476e-05 -2.61891e-05 1.86475e-05 -5.52875e-05 -4.15333e-05 4.93067e-05 7.4977e-05 6.67368e-05 
302.885 0.064631 -3.03286e-06 0.00413313 0.00280811 0.43351 0.0357763 0.305491 0.445421 -8.38311e-05 6.36945e-05 -8.23654e-05 4.81585e-05 -1.95896e-05 6.82023e-05 0.000125257 0.000111389 0.000113389 0.000113596 -0.000143815 -5.60242e-05 0.0115567 6.79506e-05 5.1832e-05 6.79392e-05 0.000187736 8.68534e-05 4.33651e-05 9.51152e-05 -9.21472e-05 4.88141e-05 -2.22436e-05 6.53779e-05 -7.48402e-06 1.48696e-05 -3.20476e-05 -4.6824e-05 0.000103943 0.000140254 0.000178939 0.000189648 -0.000312083 7.63822e-05 8.8732e-05 -4.27249e-05 0.000224744 -0.000104926 -8.0265e-05 -7.41555e-05 0.000104318 -0.000214559 -7.43745e-05 0.000236503 -1.66996e-05 -6.08542e-05 
1299.95 -0.00826835 7.85304e-07 -0.0161553 -0.00607462 -0.0953581 -0.00728679 -0.0448153 -0.067282 5.19045e-05 5.15845e-05 1.84089e-05 -2.29281e-06 5.30005e-05 7.89863e-05 3.77898e-05 -1.66912e-05 -5.57151e-05 0.000171248 5.38859e-05 5.83507e-05 6.79506e-05 0.0112098 0.000194603 0.000260827 -0.000158614 -6.65745e-05 -0.000105133 0.000102783 5.8956e-05 -8.41106e-05 0.000113235 0.000164633 2.19332e-05 0.000145362 -4.8479e-05 1.07747e-05 3.52403e-05 4.90364e-05 -0.000122266 0.000150442 -9.96192e-06 3.55243e-05 1.77459e-05 2.35823e-05 6.78371e-05 4.77476e-05 6.72732e-05 1.24153e-05 1.94793e-05 -8.06026e-05 -1.45201e-05 -0.000290529 9.80813e-06 3.89679e-05 
110.799 0.0122392 -5.6179e-07 0.000681 0.00498265 0.0841822 0.00540812 0.0573386 0.0819847 -2.58379e-05 -5.48247e-05 7.32711e-06 6.0158e-05 -3.80098e-05 -3.74614e-05 -4.86249e-05 2.65489e-05 4.88588e-05 -9.59751e-05 -8.0962e-06 -5.20257e-05 5.1832e-05 0.000194603 0.0111049 0.000193502 0.000577961 0.000260434 8.96165e-05 2.66407e-05 3.06894e-05 0.000103112 -0.00016536 -5.06722e-05 -2.36729e-06 -4.69825e-05 2.59122e-05 -8.47073e-06 -2.11975e-05 1.9663e-05 9.99782e-05 -5.8168e-05 2.5933e-05 4.12352e-05 -2.71247e-05 1.48639e-05 -2.40198e-05 -1.08935e-05 -5.0549e-05 -1.90588e-05 1.04662e-05 -1.32292e-05 -8.53205e-05 0.000168707 1.1835e-06 -1.3606e-05 
-584.607 0.015617 -7.24557e-07 0.00965649 0.00818616 0.1114 0.0101611 0.0745947 0.109351 -2.5334e-05 -6.0719e-05 1.69529e-05 5.44064e-05 -4.93395e-05 -6.73436e-06 -5.57827e-05 3.50071e-05 5.32895e-05 -0.000120971 2.00851e-05 -5.96361e-05 6.79392e-05 0.000260827 0.000193502 0.0117674 0.000782952 0.000353048 0.0002547 0.000159089 -5.54783e-05 9.70859e-05 7.863e-05 7.45251e-05 -8.57721e-06 -5.14274e-05 6.77118e-05 -1.64898e-05 7.34169e-05 7.1896e-05 0.000179954 -0.000104705 4.8951e-05 2.09005e-05 -2.0547e-06 1.96277e-05 -2.48965e-05 5.65698e-06 -4.1295e-05 5.86251e-06 3.33575e-05 2.79001e-05 -0.000117959 0.000269572 6.21464e-06 -8.95533e-06 
-535.102 -0.0113509 1.83453e-06 -0.0151066 -0.00317513 -0.0931061 -0.00881497 -0.0564756 -0.0899725 1.02748e-05 -4.19496e-05 -1.29667e-05 -7.39734e-05 8.64154e-05 -0.000126125 6.0536e-06 -0.000125497 -9.30627e-05 0.00017981 -3.4283e-05 6.97102e-05 0.000187736 -0.000158614 0.000577961 0.000782952 0.0146625 0.000585472 0.000287658 -0.000124732 0.000185066 -4.69855e-05 -0.000144909 -0.000201306 -0.000106487 -9.20374e-05 -7.15302e-05 0.000110113 -0.000234297 -5.85653e-05 -0.000399086 0.00011367 -7.94265e-05 -6.23225e-05 -0.000207466 -7.59373e-05 -6.02941e-05 -3.07448e-05 -7.07476e-05 -0.000122789 -0.000120143 2.79539e-05 0.000112456 -0.000225598 -1.11613e-05 -6.75504e-06 
1107.02 0.0151283 6.30684e-07 -0.00225361 9.96451e-05 0.0666723 0.00700615 0.0566712 0.0800004 3.00739e-06 -1.88937e-05 -4.66626e-06 -1.76383e-05 1.93526e-05 5.22015e-05 -1.21703e-05 -2.11858e-05 9.62618e-06 0.000110739 8.43312e-06 9.01534e-06 8.68534e-05 -6.65745e-05 0.000260434 0.000353048 0.000585472 0.0106182 0.000350882 0.000173466 0.000159392 -1.88199e-05 -1.44306e-05 0.000168092 0.000137084 -6.15256e-06 -0.000184815 -0.000235705 -2.1474e-05 1.67822e-05 -3.66063e-05 0.000116326 5.09428e-05 3.45295e-05 -4.91817e-05 8.28853e-05 -1.0383e-05 -2.50428e-05 -2.71941e-05 -0.000121618 -2.75023e-05 -4.27375e-05 -9.54617e-05 -0.000143904 -1.33459e-05 -8.63884e-07 
-785.895 -0.000557426 2.12931e-07 -0.00391069 -0.00403726 -0.000820181 0.00134828 0.00136971 0.00134311 1.80984e-05 3.34858e-05 7.99856e-06 -3.02154e-05 3.03514e-05 5.39506e-05 4.37098e-05 -2.95471e-05 -1.48256e-05 0.000125387 8.83743e-06 2.64892e-05 4.33651e-05 -0.000105133 8.96165e-05 0.0002547 0.000287658 0.000350882 0.00925597 0.00046043 0.000432747 0.000289035 0.000219427 3.23966e-05 -0.000169019 0.000139844 0.000166194 0.000309065 9.33221e-05 6.58348e-05 -0.000102952 0.000139009 -7.69919e-06 1.84523e-05 -5.13216e-05 7.06214e-05 5.20513e-05 3.95031e-05 6.1711e-05 2.37388e-05 8.30294e-05 7.28875e-06 0.000145536 -7.25098e-05 -9.73606e-06 5.67814e-06 
-286.93 -0.00314557 6.06468e-07 0.00577192 0.00325522 -0.0144256 -0.00216446 -0.0156922 -0.025196 1.22873e-05 1.70804e-05 1.80225e-05 -1.97391e-05 -1.20112e-05 0.000138482 -4.37511e-05 -2.64873e-05 -6.22475e-05 9.79604e-05 3.52507e-05 5.60362e-07 9.51152e-05 0.000102783 2.66407e-05 0.000159089 -0.000124732 0.000173466 0.00046043 0.00778987 0.00045419 0.000145101 0.000177188 0.000183522 -0.000108193 0.000117133 -3.60559e-06 -1.38609e-05 0.000101879 -8.33819e-06 4.94849e-05 -1.36467e-05 -0.000224236 2.80906e-05 0.000169602 -0.000103394 -2.50892e-05 1.97624e-05 5.12752e-05 -3.12478e-06 -3.64838e-05 0.000149596 4.88129e-06 2.8632e-05 -2.63167e-05 7.62004e-06 
-167.33 0.0128909 -1.40502e-06 0.00525346 0.000782508 0.0946383 0.00777068 0.0647452 0.0966628 -4.12087e-05 2.70786e-05 -3.81556e-05 -4.06472e-05 -1.50998e-05 5.47367e-05 4.69859e-05 4.31526e-05 5.25325e-05 -6.38142e-06 -4.02522e-05 -1.22278e-05 -9.21472e-05 5.8956e-05 3.06894e-05 -5.54783e-05 0.000185066 0.000159392 0.000432747 0.00045419 0.0132904 0.000532573 4.48331e-05 4.93684e-05 0.000114939 4.77288e-05 -7.00434e-05 -5.26294e-05 2.128e-05 6.81867e-05 5.26554e-05 3.90323e-05 -3.37e-05 7.75099e-05 2.27463e-05 9.26528e-06 3.54751e-05 -7.10168e-05 -4.45029e-05 -5.52851e-05 -3.52894e-06 -0.000137929 -0.000202409 0.000107142 -1.43714e-05 -3.61952e-05 
-2307.88 -0.0367794 7.95039e-07 0.00412489 0.00262384 -0.221547 -0.0189802 -0.166597 -0.240231 -1.92352e-05 -8.27846e-06 -9.31059e-06 -2.34455e-05 -4.31489e-05 -3.24983e-05 -8.42354e-05 -2.08006e-05 -1.1301e-05 -4.92325e-05 -7.70839e-06 9.75634e-06 4.88141e-05 -8.41106e-05 0.000103112 9.70859e-05 -4.69855e-05 -1.88199e-05 0.000289035 0.000145101 0.000532573 0.0140969 0.000304399 8.51034e-05 -1.21014e-05 4.08327e-05 2.70309e-05 5.2428e-05 -3.97917e-05 -9.04286e-05 -5.95048e-05 -2.07754e-05 5.11469e-05 -3.81528e-06 -8.33785e-05 7.24314e-06 -0.000141165 -4.13061e-05 1.09034e-05 -4.40386e-05 -6.72881e-05 0.000161454 5.07381e-05 6.09631e-06 -2.80037e-05 -1.99854e-05 
-2526.5 0.00504709 -2.38525e-07 0.000604271 0.00135972 0.0428655 0.00273656 0.0231644 0.0310442 -1.40089e-06 6.0778e-06 4.77934e-06 7.03679e-06 -2.06404e-05 2.11e-06 -1.21415e-05 1.3181e-05 -1.70251e-06 -5.96312e-05 3.69414e-06 -5.11541e-06 -2.22436e-05 0.000113235 -0.00016536 7.863e-05 -0.000144909 -1.44306e-05 0.000219427 0.000177188 4.48331e-05 0.000304399 0.0104578 0.000420789 0.000259114 0.00010194 6.1808e-05 -3.6064e-05 9.18566e-05 0.000112955 7.20785e-05 -8.37732e-05 -7.18172e-06 1.78152e-05 0.000142372 -4.89849e-05 -1.79662e-05 1.13975e-06 1.23226e-05 3.26744e-05 1.77758e-05 0.000143644 7.44918e-05 0.000221267 -2.81113e-08 3.17389e-06 
-3009.45 -0.0129524 2.16721e-07 0.00776348 0.00642091 -0.0648594 -0.00560053 -0.0544527 -0.0787503 2.35763e-05 3.54277e-05 2.65773e-05 5.70806e-06 -1.08598e-05 0.000110857 -3.06606e-05 1.05709e-05 -3.33397e-05 2.57703e-05 5.62098e-05 1.30613e-05 6.53779e-05 0.000164633 -5.06722e-05 7.45251e-05 -0.000201306 0.000168092 3.23966e-05 0.000183522 4.93684e-05 8.51034e-05 0.000420789 0.00856721 0.00030573 0.000469777 0.000155474 7.66515e-05 0.000284438 3.60395e-05 0.000131072 -1.40618e-05 -5.999e-05 4.97475e-05 0.000208407 -5.19011e-05 -7.10553e-06 4.02665e-05 7.47797e-05 7.12173e-05 3.38879e-05 0.000171842 0.000160178 0.00013626 -3.43302e-06 2.1398e-05 
-1864.57 0.0156817 -1.74161e-07 -0.00421564 -0.00629371 0.089579 0.00720709 0.0704668 0.0998869 -1.2859e-06 -3.60909e-06 -9.6064e-06 -1.19349e-05 -1.06003e-05 4.5286e-05 -1.30567e-06 -1.02417e-05 -2.48939e-05 3.82146e-05 -3.05829e-05 -3.9905e-06 -7.48402e-06 2.19332e-05 -2.36729e-06 -8.57721e-06 -0.000106487 0.000137084 -0.000169019 -0.000108193 0.000114939 -1.21014e-05 0.000259114 0.00030573 0.00582049 0.000526392 0.000205604 0.000183776 -1.21691e-05 -2.93286e-06 -2.58375e-05 5.11141e-05 -5.66211e-05 2.70785e-05 3.53476e-05 -7.2889e-05 2.57139e-05 1.09542e-05 7.55381e-06 3.30153e-05 0.000100204 0.000128285 0.000386731 0.000173442 -1.17774e-05 -1.46069e-07 
805.142 0.0149561 -3.24831e-07 0.00478475 0.00157126 0.107124 0.00976059 0.0721639 0.102566 1.33887e-05 5.21193e-05 1.78947e-05 4.22532e-06 -2.67683e-05 9.18456e-05 -1.36362e-05 4.26813e-05 4.19585e-06 -4.85981e-05 5.07248e-05 1.63701e-05 1.48696e-05 0.000145362 -4.69825e-05 -5.14274e-05 -9.20374e-05 -6.15256e-06 0.000139844 0.000117133 4.77288e-05 4.08327e-05 0.00010194 0.000469777 0.000526392 0.00902828 0.000343719 0.000190539 0.000213056 7.15717e-05 0.000206761 -6.70208e-05 -4.51839e-06 3.91413e-05 0.000143187 2.76258e-06 -9.44803e-06 1.96836e-05 6.07736e-05 5.7745e-05 -2.34415e-05 -1.98088e-05 -0.000174432 -3.70112e-05 -4.82972e-08 1.09471e-05 
-86.4569 0.0179102 -1.3516e-06 0.00135716 0.00100285 0.118702 0.00906652 0.0835067 0.121427 -5.20555e-05 0.000184599 -7.53612e-05 -0.000170951 -3.62767e-06 3.9849e-06 6.44997e-05 7.66003e-05 3.17313e-05 -3.97822e-05 -4.17242e-05 0.0001049 -3.20476e-05 -4.8479e-05 2.59122e-05 6.77118e-05 -7.15302e-05 -0.000184815 0.000166194 -3.60559e-06 -7.00434e-05 2.70309e-05 6.1808e-05 0.000155474 0.000205604 0.000343719 0.0135277 0.000632692 0.000108209 4.69883e-05 -1.55308e-05 -1.9255e-05 -7.9751e-05 1.30564e-05 -3.09141e-05 8.12122e-05 -8.09111e-05 -0.000139419 4.04591e-05 -1.41977e-05 -3.01951e-05 -6.16869e-05 -0.000139391 -7.3624e-05 -5.45353e-05 -8.69497e-05 
-35.8279 -0.0547735 8.3534e-07 0.00608256 0.0054994 -0.361819 -0.0279409 -0.262719 -0.374875 -6.29299e-06 -0.000197837 3.5986e-05 9.63436e-05 -3.01202e-05 -3.39974e-05 -6.47692e-05 -7.29261e-05 3.87092e-05 -7.57113e-05 -3.39291e-05 -0.000133188 -4.6824e-05 1.07747e-05 -8.47073e-06 -1.64898e-05 0.000110113 -0.000235705 0.000309065 -1.38609e-05 -5.26294e-05 5.2428e-05 -3.6064e-05 7.66515e-05 0.000183776 0.000190539 0.000632692 0.0167928 0.000445289 0.000354027 0.000242247 1.53762e-05 0.00017452 3.73083e-05 -5.15891e-06 -1.82828e-05 -1.1631e-05 2.96869e-05 -0.000119946 -0.000128043 -6.34214e-05 -6.94346e-05 -0.000342017 -2.67122e-05 2.36018e-05 2.94237e-05 
528.557 -0.000933879 4.37592e-07 0.00533246 0.00252137 -0.032772 -0.000371518 -0.0158028 -0.0257338 2.87831e-05 2.07755e-05 2.10961e-05 1.59695e-05 6.15646e-06 0.000104921 -3.85966e-05 7.77045e-06 -4.66244e-05 0.000109019 7.24538e-05 7.27467e-06 0.000103943 3.52403e-05 -2.11975e-05 7.34169e-05 -0.000234297 -2.1474e-05 9.33221e-05 0.000101879 2.128e-05 -3.97917e-05 9.18566e-05 0.000284438 -1.21691e-05 0.000213056 0.000108209 0.000445289 0.0088602 0.000396605 0.000231517 0.000123224 -7.7697e-05 3.20365e-05 0.000117584 -4.24361e-05 1.49051e-05 3.19981e-05 3.98158e-05 -4.08598e-06 -3.62208e-05 2.01345e-05 -0.000145397 -6.73132e-05 -6.76657e-06 2.56232e-05 
-307.538 0.0132223 6.89989e-07 0.00194346 0.0016844 0.103797 0.00743788 0.0675727 0.0905767 2.65611e-05 2.06108e-05 1.85511e-05 -5.50304e-06 1.44256e-05 4.77468e-05 -4.73155e-05 -1.68601e-05 -9.51613e-05 9.8635e-05 7.13783e-05 2.70622e-05 0.000140254 4.90364e-05 1.9663e-05 7.1896e-05 -5.85653e-05 1.67822e-05 6.58348e-05 -8.33819e-06 6.81867e-05 -9.04286e-05 0.000112955 3.60395e-05 -2.93286e-06 7.15717e-05 4.69883e-05 0.000354027 0.000396605 0.00878359 0.000279325 0.000146208 -0.00012355 -7.2087e-06 0.000116313 -0.000146226 -2.23379e-05 2.56089e-05 2.33772e-05 2.47036e-05 -0.000103308 6.09564e-05 -2.29789e-05 -1.80157e-05 -4.6952e-07 2.26708e-05 
986.765 0.0332013 1.28045e-06 -0.00144711 -0.000334326 0.223727 0.0166418 0.157615 0.215511 3.02245e-05 4.81289e-05 1.34978e-05 -4.35574e-05 4.30283e-06 0.000166173 -6.15096e-05 -1.53269e-05 -6.52542e-05 0.000175907 9.03785e-05 3.76442e-05 0.000178939 -0.000122266 9.99782e-05 0.000179954 -0.000399086 -3.66063e-05 -0.000102952 4.94849e-05 5.26554e-05 -5.95048e-05 7.20785e-05 0.000131072 -2.58375e-05 0.000206761 -1.55308e-05 0.000242247 0.000231517 0.000279325 0.00948587 0.00046762 0.000159753 6.24004e-05 1.46108e-05 6.43109e-05 -4.99779e-05 5.07678e-06 6.01356e-05 -6.14452e-05 -7.57168e-05 4.23214e-05 -9.58667e-06 -0.000194209 -3.16164e-05 1.49317e-05 
-639.653 0.142847 -2.86567e-07 0.0163304 0.00760303 0.978813 0.0786203 0.663026 0.942394 -3.52238e-05 5.65483e-05 -1.83593e-06 -0.000110778 -3.0152e-05 -3.05238e-05 -6.86746e-05 4.72754e-05 3.08238e-06 -0.000190618 4.87519e-05 2.52795e-05 0.000189648 0.000150442 -5.8168e-05 -0.000104705 0.00011367 0.000116326 0.000139009 -1.36467e-05 3.90323e-05 -2.07754e-05 -8.37732e-05 -1.40618e-05 5.11141e-05 -6.70208e-05 -1.9255e-05 1.53762e-05 0.000123224 0.000146208 0.00046762 0.0127584 0.000373069 0.00012311 0.000148247 3.6191e-05 -0.000199211 -4.99275e-05 2.89035e-05 4.542e-05 -6.44834e-05 0.00013477 -0.000147247 0.000158227 -2.2314e-05 -3.89298e-05 
-1302.26 0.145181 -2.05975e-06 -0.00255771 -0.00134042 0.983292 0.0758796 0.683757 0.978193 -8.2919e-05 0.000153293 -0.000113148 -0.000108182 1.1172e-05 9.68933e-06 0.000164413 6.89812e-05 6.15331e-05 4.4457e-05 -0.000148196 8.14934e-05 -0.000312083 -9.96192e-06 2.5933e-05 4.8951e-05 -7.94265e-05 5.09428e-05 -7.69919e-06 -0.000224236 -3.37e-05 5.11469e-05 -7.18172e-06 -5.999e-05 -5.66211e-05 -4.51839e-06 -7.9751e-05 0.00017452 -7.7697e-05 -0.00012355 0.000159753 0.000373069 0.0132554 0.0002522 0.000185401 5.57093e-05 8.38874e-05 -0.000144276 4.41433e-06 3.97191e-06 9.14264e-05 -5.93636e-05 0.000125743 6.47828e-05 -4.42361e-05 -0.000114472 
-72.0933 0.0212031 5.52132e-07 0.00279208 0.0014993 0.142386 0.0116101 0.0962638 0.134584 8.1385e-06 2.01997e-05 9.17627e-06 -8.94756e-06 -2.21905e-05 4.46204e-05 -6.18253e-05 8.53626e-06 -1.75214e-05 5.33429e-06 4.59215e-05 2.1418e-05 7.63822e-05 3.55243e-05 4.12352e-05 2.09005e-05 -6.23225e-05 3.45295e-05 1.84523e-05 2.80906e-05 7.75099e-05 -3.81528e-06 1.78152e-05 4.97475e-05 2.70785e-05 3.91413e-05 1.30564e-05 3.73083e-05 3.20365e-05 -7.2087e-06 6.24004e-05 0.00012311 0.0002522 0.011275 0.000246587 0.000161242 -6.73196e-05 1.93432e-06 3.85117e-05 5.12201e-06 -3.236e-05 0.000121575 -4.36346e-05 -1.86097e-05 -1.23663e-05 2.33766e-07 
1144.95 0.00552606 3.00971e-07 0.00250803 -0.00200126 0.025298 0.00365455 0.0235724 0.0334012 4.73574e-05 6.60163e-05 1.78636e-05 3.14831e-05 -2.99765e-06 0.000110334 -2.61906e-05 3.7136e-05 -2.45196e-05 6.89492e-05 7.5119e-05 5.8335e-05 8.8732e-05 1.77459e-05 -2.71247e-05 -2.0547e-06 -0.000207466 -4.91817e-05 -5.13216e-05 0.000169602 2.27463e-05 -8.33785e-05 0.000142372 0.000208407 3.53476e-05 0.000143187 -3.09141e-05 -5.15891e-06 0.000117584 0.000116313 1.46108e-05 0.000148247 0.000185401 0.000246587 0.0113287 0.000162779 3.94957e-05 4.92781e-05 6.8038e-05 5.67917e-05 2.50207e-06 -5.21536e-05 -9.71009e-05 -0.000166121 1.48253e-05 3.37812e-05 
-947.988 -0.326667 1.22099e-06 0.000587764 -0.000817948 -2.15777 -0.173036 -1.50816 -2.13356 1.67641e-05 -0.000218118 4.71194e-05 6.68637e-05 -1.34823e-05 4.25629e-05 -3.82786e-05 -0.000126795 -8.78618e-06 3.29254e-05 -4.81635e-05 -0.000150475 -4.27249e-05 2.35823e-05 1.48639e-05 1.96277e-05 -7.59373e-05 8.28853e-05 7.06214e-05 -0.000103394 9.26528e-06 7.24314e-06 -4.89849e-05 -5.19011e-05 -7.2889e-05 2.76258e-06 8.12122e-05 -1.82828e-05 -4.24361e-05 -0.000146226 6.43109e-05 3.6191e-05 5.57093e-05 0.000161242 0.000162779 0.0130573 6.41577e-05 6.20303e-05 -0.000110304 -0.000116893 -1.04931e-05 9.61903e-05 -1.24003e-06 0.000129034 9.37726e-06 4.97253e-05 
-264.851 0.722829 1.73068e-06 -0.0018147 0.000491664 4.82089 0.381405 3.34494 4.71881 5.97928e-05 9.00055e-05 5.65267e-05 -4.2825e-05 -8.00589e-05 -7.19603e-05 -0.000200028 5.59532e-05 -7.18829e-05 -0.000151059 0.00015717 0.000110042 0.000224744 6.78371e-05 -2.40198e-05 -2.48965e-05 -6.02941e-05 -1.0383e-05 5.20513e-05 -2.50892e-05 3.54751e-05 -0.000141165 -1.79662e-05 -7.10553e-06 2.57139e-05 -9.44803e-06 -8.09111e-05 -1.1631e-05 1.49051e-05 -2.23379e-05 -4.99779e-05 -0.000199211 8.38874e-05 -6.73196e-05 3.94957e-05 6.41577e-05 0.0120528 1.02315e-05 0.000179034 0.000124683 -0.000144757 0.000190628 -3.22399e-05 -0.000177063 -4.16145e-05 1.77041e-05 
-270.448 1.00477 -1.86714e-06 0.000840304 0.000758881 6.70734 0.531141 4.66057 6.59291 -3.96076e-05 0.000141124 -4.97747e-05 -7.57906e-05 1.0442e-05 2.16079e-05 6.4144e-05 0.000118538 2.1411e-05 -1.50837e-05 -2.81886e-05 9.68847e-05 -0.000104926 4.77476e-05 -1.08935e-05 5.65698e-06 -3.07448e-05 -2.50428e-05 3.95031e-05 1.97624e-05 -7.10168e-05 -4.13061e-05 1.13975e-06 4.02665e-05 1.09542e-05 1.96836e-05 -0.000139419 2.96869e-05 3.19981e-05 2.56089e-05 5.07678e-06 -4.99275e-05 -0.000144276 1.93432e-06 4.92781e-05 6.20303e-05 1.02315e-05 0.012589 5.56907e-05 7.13055e-05 4.74489e-06 -7.84262e-05 -1.2602e-05 -2.55339e-05 -5.09481e-05 -0.000106092 
-578.014 0.0952644 2.78465e-07 0.00370102 0.00165988 0.64419 0.0509333 0.442459 0.624196 1.2126e-05 -0.000133755 1.91901e-05 9.22757e-05 3.41424e-05 5.77185e-05 6.38699e-05 -6.62977e-05 1.7978e-05 3.599e-05 -3.85356e-05 -8.93476e-05 -8.0265e-05 6.72732e-05 -5.0549e-05 -4.1295e-05 -7.07476e-05 -2.71941e-05 6.1711e-05 5.12752e-05 -4.45029e-05 1.09034e-05 1.23226e-05 7.47797e-05 7.55381e-06 6.07736e-05 4.04591e-05 -0.000119946 3.98158e-05 2.33772e-05 6.01356e-05 2.89035e-05 4.41433e-06 3.85117e-05 6.8038e-05 -0.000110304 0.000179034 5.56907e-05 0.0126059 -9.90212e-05 1.58126e-05 -0.00011016 -6.77527e-05 6.20414e-05 8.62784e-05 4.54944e-05 
-1212.64 0.0383887 6.77828e-07 -0.00170226 -0.000534801 0.256211 0.020144 0.177893 0.248692 3.44066e-05 -6.9599e-05 1.97734e-05 5.315e-05 4.73548e-05 2.79677e-05 5.95005e-05 -7.08653e-05 -3.11847e-05 6.03222e-05 -2.50242e-05 -2.61891e-05 -7.41555e-05 1.24153e-05 -1.90588e-05 5.86251e-06 -0.000122789 -0.000121618 2.37388e-05 -3.12478e-06 -5.52851e-05 -4.40386e-05 3.26744e-05 7.12173e-05 3.30153e-05 5.7745e-05 -1.41977e-05 -0.000128043 -4.08598e-06 2.47036e-05 -6.14452e-05 4.542e-05 3.97191e-06 5.12201e-06 5.67917e-05 -0.000116893 0.000124683 7.13055e-05 -9.90212e-05 0.0126463 -3.68757e-05 -0.000112917 -6.26937e-05 -0.000159398 4.25633e-05 5.65356e-05 
-3470.06 0.0618213 1.36723e-06 -0.000932009 0.00150231 0.430692 0.0323677 0.290809 0.406911 1.19291e-05 -1.42892e-05 1.9526e-05 4.43026e-07 -3.77877e-05 -1.85563e-05 -0.00010048 -2.52019e-05 -3.79637e-05 -6.88564e-05 4.52744e-05 1.86475e-05 0.000104318 1.94793e-05 1.04662e-05 3.33575e-05 -0.000120143 -2.75023e-05 8.30294e-05 -3.64838e-05 -3.52894e-06 -6.72881e-05 1.77758e-05 3.38879e-05 0.000100204 -2.34415e-05 -3.01951e-05 -6.34214e-05 -3.62208e-05 -0.000103308 -7.57168e-05 -6.44834e-05 9.14264e-05 -3.236e-05 2.50207e-06 -1.04931e-05 -0.000144757 4.74489e-06 1.58126e-05 -3.68757e-05 0.0127873 1.78488e-05 -0.000131871 -0.000180995 -3.00915e-06 1.50759e-05 
-5651.31 0.0516992 -2.22854e-06 0.00246113 -0.00114768 0.366409 0.028439 0.250027 0.365169 -6.76012e-05 1.94951e-05 -6.88918e-05 -4.4822e-05 2.76582e-05 6.03518e-05 0.000157078 4.71058e-05 0.000116564 8.48575e-05 -0.000100657 -5.52875e-05 -0.000214559 -8.06026e-05 -1.32292e-05 2.79001e-05 2.79539e-05 -4.27375e-05 7.28875e-06 0.000149596 -0.000137929 0.000161454 0.000143644 0.000171842 0.000128285 -1.98088e-05 -6.16869e-05 -6.94346e-05 2.01345e-05 6.09564e-05 4.23214e-05 0.00013477 -5.93636e-05 0.000121575 -5.21536e-05 9.61903e-05 0.000190628 -7.84262e-05 -0.00011016 -0.000112917 1.78488e-05 0.0129028 -0.000225066 2.15078e-05 -3.02962e-06 -6.32391e-05 
-9855.98 -0.0787268 -2.12571e-07 0.00311862 0.00121692 -0.512675 -0.0393243 -0.365189 -0.516353 -1.87952e-05 -7.38814e-05 -6.28828e-06 2.66609e-05 -1.15307e-05 -0.000152157 -1.59109e-05 7.93539e-06 3.67472e-05 -0.000162402 -3.1457e-05 -4.15333e-05 -7.43745e-05 -1.45201e-05 -8.53205e-05 -0.000117959 0.000112456 -9.54617e-05 0.000145536 4.88129e-06 -0.000202409 5.07381e-05 7.44918e-05 0.000160178 0.000386731 -0.000174432 -0.000139391 -0.000342017 -0.000145397 -2.29789e-05 -9.58667e-06 -0.000147247 0.000125743 -4.36346e-05 -9.71009e-05 -1.24003e-06 -3.22399e-05 -1.2602e-05 -6.77527e-05 -6.26937e-05 -0.000131871 -0.000225066 0.0129904 -0.000126675 -5.87168e-06 -6.52082e-06 
-6850.02 0.0219966 1.97401e-06 -0.00819361 -0.00454936 0.146613 0.0107664 0.0984277 0.131274 1.65803e-05 1.96557e-05 7.0263e-06 -4.72322e-05 -9.18048e-06 -2.24251e-06 -0.000128383 -4.89655e-05 -5.81799e-05 0.000153077 4.72788e-05 4.93067e-05 0.000236503 -0.000290529 0.000168707 0.000269572 -0.000225598 -0.000143904 -7.25098e-05 2.8632e-05 0.000107142 6.09631e-06 0.000221267 0.00013626 0.000173442 -3.70112e-05 -7.3624e-05 -2.67122e-05 -6.73132e-05 -1.80157e-05 -0.000194209 0.000158227 6.47828e-05 -1.86097e-05 -0.000166121 0.000129034 -0.000177063 -2.55339e-05 6.20414e-05 -0.000159398 -0.000180995 2.15078e-05 -0.000126675 0.0128345 -0.000100566 -1.76471e-06 
-13.206 -0.136286 -4.32143e-07 -0.00146637 -0.00026095 -0.911045 -0.0722002 -0.62942 -0.887299 -5.47875e-06 9.77834e-05 -2.43397e-05 -6.41367e-05 -1.22219e-05 -1.40134e-05 9.33122e-06 4.45074e-05 -5.7553e-06 -1.51977e-05 3.33617e-06 7.4977e-05 -1.66996e-05 9.80813e-06 1.1835e-06 6.21464e-06 -1.11613e-05 -1.33459e-05 -9.73606e-06 -2.63167e-05 -1.43714e-05 -2.80037e-05 -2.81113e-08 -3.43302e-06 -1.17774e-05 -4.82972e-08 -5.45353e-05 2.36018e-05 -6.76657e-06 -4.6952e-07 -3.16164e-05 -2.2314e-05 -4.42361e-05 -1.23663e-05 1.48253e-05 9.37726e-06 -4.16145e-05 -5.09481e-05 8.62784e-05 4.25633e-05 -3.00915e-06 -3.02962e-06 -5.87168e-06 -0.000100566 0.0127911 -1.83699e-05 
76.0585 -0.573226 -1.59899e-06 0.000732439 0.00049641 -3.8244 -0.302417 -2.65132 -3.73919 1.55013e-05 0.000166046 -4.94005e-05 -9.49622e-05 -1.26894e-05 3.30513e-06 4.51563e-05 7.31397e-05 3.74604e-05 -2.11493e-05 -2.02036e-05 6.67368e-05 -6.08542e-05 3.89679e-05 -1.3606e-05 -8.95533e-06 -6.75504e-06 -8.63884e-07 5.67814e-06 7.62004e-06 -3.61952e-05 -1.99854e-05 3.17389e-06 2.1398e-05 -1.46069e-07 1.09471e-05 -8.69497e-05 2.94237e-05 2.56232e-05 2.26708e-05 1.49317e-05 -3.89298e-05 -0.000114472 2.33766e-07 3.37812e-05 4.97253e-05 1.77041e-05 -0.000106092 4.54944e-05 5.65356e-05 1.50759e-05 -6.32391e-05 -6.52082e-06 -1.76471e-06 -1.83699e-05 0.0126377 
*end

*info[messages_encountered]
Values {string}
Setting the random number seed to 42223
Estimable parameters were set from the input configuration files
Creating default report for catchability synop_biomass_q
Creating default report for catchability AMLR_q
Creating default report for catchability FsrvBiomass_q
Creating default report for derived quantity SSB
Creating default report for observation synop_biom
Creating default report for observation AMLRsrv
Creating default report for observation FsrvBiomass
Creating default report for observation ProportionAtLength_Fshry
Creating default report for observation ProportionAtLength_trawl
Creating default report for observation ProportionAtLength_German
Creating default report for process Recruitment
Creating default report for process Ageing
Creating default report for process Instantaneous_Mortality
Creating default report for selectivity MaturationSel
skipping the default report for Fsh_lf_Sel this is a length based selectivity. Create a seperate report for this
skipping the default report for AMLR_lf_Sel this is a length based selectivity. Create a seperate report for this
skipping the default report for AMLR_ac_Sel this is a length based selectivity. Create a seperate report for this
skipping the default report for Fsh_ac_Sel this is a length based selectivity. Create a seperate report for this
skipping the default report for synopSel this is a length based selectivity. Create a seperate report for this
Creating default report for selectivity One
The filename for the report 'objectives' has been modified to objectives.1 as the write_mode is incremental_suffix
The filename for the report 'samples' has been modified to samples.1 as the write_mode is incremental_suffix
Initiating MCMC run mode
Beginning MCMC iterations
Starting MCMC random_walk
Adapting step_size from 0.02 to 0.05975 after 1000 iterations
Adapting step_size from 0.05975 to 0.104811 after 2000 iterations
Adapting step_size from 0.104811 to 0.106995 after 5000 iterations
Adapting step_size from 0.106995 to 0.115198 after 10000 iterations
MCMC execution complete
*end

