Casal2 (https://github.com/alistairdunn1/CASAL2)
Call: casal2 -e 
Date: Wed Sep 13 11:23:51 2023
Seed: 29431
Version: v23.07 (2023-07-11)
Copyright (c) 2017-2023, NIWA (www.niwa.co.nz)
Environment: User=doug.kinzey Machine=SWC-DKINZEY-D OS=Windows_NT PID=10680


*initialisation_partition[Equilibrium_state]
values {dataframe_with_row_labels}
category 1 2 3 4 5 6
KRILL 0.000000 8756856632983.497070 3221467524560.407715 1185111672687.232910 435978219873.932800 253729168668.982605
*end

*estimate_value[summary]
values {dataframe}
process[Recruitment].b0 selectivity[Fsh_lf_Sel].a50 selectivity[Fsh_lf_Sel].ato95 selectivity[AMLR_lf_Sel].a50 selectivity[AMLR_lf_Sel].ato95 selectivity[AMLR_ac_Sel].a50 selectivity[AMLR_ac_Sel].ato95 selectivity[Fsh_ac_Sel].a50 selectivity[Fsh_ac_Sel].ato95 process[Recruitment].recruitment_multipliers{1976} process[Recruitment].recruitment_multipliers{1977} process[Recruitment].recruitment_multipliers{1978} process[Recruitment].recruitment_multipliers{1979} process[Recruitment].recruitment_multipliers{1980} process[Recruitment].recruitment_multipliers{1981} process[Recruitment].recruitment_multipliers{1982} process[Recruitment].recruitment_multipliers{1983} process[Recruitment].recruitment_multipliers{1984} process[Recruitment].recruitment_multipliers{1985} process[Recruitment].recruitment_multipliers{1986} process[Recruitment].recruitment_multipliers{1987} process[Recruitment].recruitment_multipliers{1988} process[Recruitment].recruitment_multipliers{1989} process[Recruitment].recruitment_multipliers{1990} process[Recruitment].recruitment_multipliers{1991} process[Recruitment].recruitment_multipliers{1992} process[Recruitment].recruitment_multipliers{1993} process[Recruitment].recruitment_multipliers{1994} process[Recruitment].recruitment_multipliers{1995} process[Recruitment].recruitment_multipliers{1996} process[Recruitment].recruitment_multipliers{1997} process[Recruitment].recruitment_multipliers{1998} process[Recruitment].recruitment_multipliers{1999} process[Recruitment].recruitment_multipliers{2000} process[Recruitment].recruitment_multipliers{2001} process[Recruitment].recruitment_multipliers{2002} process[Recruitment].recruitment_multipliers{2003} process[Recruitment].recruitment_multipliers{2004} process[Recruitment].recruitment_multipliers{2005} process[Recruitment].recruitment_multipliers{2006} process[Recruitment].recruitment_multipliers{2007} process[Recruitment].recruitment_multipliers{2008} process[Recruitment].recruitment_multipliers{2009} process[Recruitment].recruitment_multipliers{2010} process[Recruitment].recruitment_multipliers{2011} process[Recruitment].recruitment_multipliers{2012} process[Recruitment].recruitment_multipliers{2013} process[Recruitment].recruitment_multipliers{2014} process[Recruitment].recruitment_multipliers{2015} process[Recruitment].recruitment_multipliers{2016} process[Recruitment].recruitment_multipliers{2017} process[Recruitment].recruitment_multipliers{2018} process[Recruitment].recruitment_multipliers{2019} process[Recruitment].recruitment_multipliers{2020} process[Recruitment].recruitment_multipliers{2021} 
4.89599e+06 34.4631 7.4791e-07 45.502 19.2539 0.0100002 0.0100004 1.89064 4.04704 0.52344 0.471107 0.64745 0.550309 0.560422 0.29082 0.647405 0.834801 1.30379 0.398358 0.442093 0.816265 0.454505 0.406072 0.840622 1.44932 2.06035 1.02105 0.551001 0.15611 1.42601 1.40579 0.651529 0.327634 0.0965599 0.244681 1.40508 2.04344 0.364734 0.211776 0.224422 1.22626 1.57553 0.681538 0.496936 1.18389 0.460032 0.701548 0.755091 0.551387 0.64558 0.950197 0.61705 0.697596 0.765676 0.57818 
*end

*objective_function[objective]
values {vector}
observation->synop_biom->2000 -1.45214
observation->synop_biom->2019 -1.92629
observation->AMLRsrv->1996 0.366208
observation->AMLRsrv->1997 0.871962
observation->AMLRsrv->1998 -0.062861
observation->AMLRsrv->1999 -0.119053
observation->AMLRsrv->2000 1.18316
observation->AMLRsrv->2001 -0.245381
observation->AMLRsrv->2002 1.05649
observation->AMLRsrv->2003 -0.246812
observation->AMLRsrv->2004 1.65301
observation->AMLRsrv->2005 0.0345941
observation->AMLRsrv->2006 -0.179896
observation->AMLRsrv->2007 1.02964
observation->AMLRsrv->2008 -0.21245
observation->AMLRsrv->2009 -0.201261
observation->AMLRsrv->2010 0.559481
observation->AMLRsrv->2011 -0.121733
observation->FsrvBiomass->2014 -0.086407
observation->FsrvBiomass->2015 -0.0180967
observation->FsrvBiomass->2016 -0.140118
observation->FsrvBiomass->2018 -0.0330465
observation->FsrvBiomass->2019 0.0500606
observation->FsrvBiomass->2020 0.470445
observation->ProportionAtLength_Fshry->2011 -0.212407
observation->ProportionAtLength_Fshry->2012 -8.69767
observation->ProportionAtLength_Fshry->2013 -43.0533
observation->ProportionAtLength_Fshry->2014 -39.9825
observation->ProportionAtLength_Fshry->2015 -12.9173
observation->ProportionAtLength_Fshry->2016 -40.1356
observation->ProportionAtLength_Fshry->2018 -19.0063
observation->ProportionAtLength_Fshry->2019 -2.94136
observation->ProportionAtLength_trawl->1991 4.06152
observation->ProportionAtLength_trawl->1992 -26.8134
observation->ProportionAtLength_trawl->1993 -1.85132
observation->ProportionAtLength_trawl->1994 18.5804
observation->ProportionAtLength_trawl->1995 -11.2482
observation->ProportionAtLength_trawl->1996 -40.8217
observation->ProportionAtLength_trawl->1997 -23.076
observation->ProportionAtLength_trawl->1998 -23.5241
observation->ProportionAtLength_trawl->1999 17.0415
observation->ProportionAtLength_trawl->2000 36.5231
observation->ProportionAtLength_trawl->2001 -36.1873
observation->ProportionAtLength_trawl->2002 -3.33256
observation->ProportionAtLength_trawl->2003 -31.6973
observation->ProportionAtLength_trawl->2004 -6.03401
observation->ProportionAtLength_trawl->2005 8.67189
observation->ProportionAtLength_trawl->2006 -4.36253
observation->ProportionAtLength_trawl->2007 -6.90965
observation->ProportionAtLength_trawl->2008 -33.0036
observation->ProportionAtLength_trawl->2009 -3.61966
observation->ProportionAtLength_trawl->2010 10.2938
observation->ProportionAtLength_trawl->2011 -25.7816
observation->ProportionAtLength_German->1981 14.5042
observation->ProportionAtLength_German->1982 -21.2979
observation->ProportionAtLength_German->1984 33.0865
observation->ProportionAtLength_German->1985 18.8859
observation->ProportionAtLength_German->1986 5.26827
observation->ProportionAtLength_German->1987 13.8978
penalty->CatchMustBeTaken1 0
prior->B0->process[Recruitment].b0 15.4039
prior->Fsh_lf_Sel_a50->selectivity[Fsh_lf_Sel].a50 0
prior->Fsh_lf_Sel_ato95->selectivity[Fsh_lf_Sel].ato95 0
prior->AMLR_lf_Sel_a50->selectivity[AMLR_lf_Sel].a50 0
prior->AMLR_lf_Sel_ato95->selectivity[AMLR_lf_Sel].ato95 0
prior->AMLR_ac_Sel_a50->selectivity[AMLR_ac_Sel].a50 0
prior->AMLR_ac_Sel_ato95->selectivity[AMLR_ac_Sel].ato95 0
prior->Fsh_ac_Sel_a50->selectivity[Fsh_ac_Sel].a50 0
prior->Fsh_ac_Sel_ato95->selectivity[Fsh_ac_Sel].ato95 0
prior->YCS->process[Recruitment].recruitment_multipliers{1976} -0.48563
prior->YCS->process[Recruitment].recruitment_multipliers{1977} -0.494582
prior->YCS->process[Recruitment].recruitment_multipliers{1978} -0.399232
prior->YCS->process[Recruitment].recruitment_multipliers{1979} -0.473513
prior->YCS->process[Recruitment].recruitment_multipliers{1980} -0.467849
prior->YCS->process[Recruitment].recruitment_multipliers{1981} -0.249035
prior->YCS->process[Recruitment].recruitment_multipliers{1982} -0.399274
prior->YCS->process[Recruitment].recruitment_multipliers{1983} -0.176054
prior->YCS->process[Recruitment].recruitment_multipliers{1984} 0.530878
prior->YCS->process[Recruitment].recruitment_multipliers{1985} -0.462543
prior->YCS->process[Recruitment].recruitment_multipliers{1986} -0.489133
prior->YCS->process[Recruitment].recruitment_multipliers{1987} -0.20103
prior->YCS->process[Recruitment].recruitment_multipliers{1988} -0.492511
prior->YCS->process[Recruitment].recruitment_multipliers{1989} -0.469086
prior->YCS->process[Recruitment].recruitment_multipliers{1990} -0.168118
prior->YCS->process[Recruitment].recruitment_multipliers{1991} 0.75767
prior->YCS->process[Recruitment].recruitment_multipliers{1992} 1.67431
prior->YCS->process[Recruitment].recruitment_multipliers{1993} 0.0935296
prior->YCS->process[Recruitment].recruitment_multipliers{1994} -0.473144
prior->YCS->process[Recruitment].recruitment_multipliers{1995} 0.762202
prior->YCS->process[Recruitment].recruitment_multipliers{1996} 0.721451
prior->YCS->process[Recruitment].recruitment_multipliers{1997} 0.689984
prior->YCS->process[Recruitment].recruitment_multipliers{1998} -0.39529
prior->YCS->process[Recruitment].recruitment_multipliers{1999} -0.353462
prior->YCS->process[Recruitment].recruitment_multipliers{2000} 2.07837
prior->YCS->process[Recruitment].recruitment_multipliers{2001} -0.0467132
prior->YCS->process[Recruitment].recruitment_multipliers{2002} 0.688887
prior->YCS->process[Recruitment].recruitment_multipliers{2003} 1.64996
prior->YCS->process[Recruitment].recruitment_multipliers{2004} -0.422889
prior->YCS->process[Recruitment].recruitment_multipliers{2005} 0.168734
prior->YCS->process[Recruitment].recruitment_multipliers{2006} 0.0771459
prior->YCS->process[Recruitment].recruitment_multipliers{2007} 0.409841
prior->YCS->process[Recruitment].recruitment_multipliers{2008} 0.952593
prior->YCS->process[Recruitment].recruitment_multipliers{2009} -0.364694
prior->YCS->process[Recruitment].recruitment_multipliers{2010} -0.492849
prior->YCS->process[Recruitment].recruitment_multipliers{2011} 0.34384
prior->YCS->process[Recruitment].recruitment_multipliers{2012} -0.493499
prior->YCS->process[Recruitment].recruitment_multipliers{2013} -0.342868
prior->YCS->process[Recruitment].recruitment_multipliers{2014} -0.279778
prior->YCS->process[Recruitment].recruitment_multipliers{2015} -0.472937
prior->YCS->process[Recruitment].recruitment_multipliers{2016} -0.40102
prior->YCS->process[Recruitment].recruitment_multipliers{2017} -0.0121541
prior->YCS->process[Recruitment].recruitment_multipliers{2018} -0.426771
prior->YCS->process[Recruitment].recruitment_multipliers{2019} -0.347262
prior->YCS->process[Recruitment].recruitment_multipliers{2020} -0.266606
prior->YCS->process[Recruitment].recruitment_multipliers{2021} -0.456588
additional_prior->YCS_average_1 5.01888
additional_prior->smooth_YCS 0
additional_prior->AMLR_q 0.782483
additional_prior->FsrvBiomass_q 0.72139
total_score -261.413
*end

*hessian_matrix[Hessian]
hessian_matrix {matrix}
3.01093e-12 1.57077e-08 9.46508e-06 -3.16523e-08 1.0031e-08 -8.57673e-06 4.0228e-06 4.65846e-10 -3.62908e-09 8.76273e-08 -1.77014e-08 1.07221e-07 2.83766e-08 -2.29822e-08 2.16478e-07 1.06374e-08 2.51498e-08 3.40932e-08 -8.2865e-08 9.9004e-08 5.07522e-08 1.05639e-07 1.08551e-07 5.22357e-09 -1.05515e-07 -1.21804e-07 -1.0751e-08 2.43008e-07 1.13659e-06 3.78434e-07 8.2354e-07 1.69926e-06 2.65852e-06 8.17297e-07 6.87325e-07 -9.97746e-08 -7.15164e-08 3.92197e-07 9.28143e-08 -7.61292e-08 5.81209e-09 -7.8072e-08 -1.44111e-07 6.81837e-08 -1.89472e-08 1.97143e-07 3.4545e-07 4.57478e-07 9.49182e-07 1.84584e-06 3.04157e-06 5.01498e-06 3.77651e-06 1.01135e-08 1.17272e-07 
1.57077e-08 0.650939 -107.059 0.00740546 -0.00483252 -182.758 41.3211 -0.0415563 -0.00423281 0.0228154 0.0282803 0.011148 0.00778142 0.0295277 0.0176891 0.00402263 -0.00567955 0.000226248 0.0271421 -0.0555343 0.0066876 -0.0104568 -0.0417337 -0.00117375 -0.0147318 0.00461248 0.00310066 0.00186145 -0.0421736 0.0271016 0.0142073 0.0213717 -0.14842 0.228334 -0.0422349 0.00803941 -0.00024881 0.00966825 -0.127317 -0.154847 -0.0211903 0.0253278 0.0067882 -0.00871336 -0.0125316 -0.0089768 0.012078 0.00332566 0.0263195 0.0192391 0.0132575 0.0385156 0.027977 0.0064759 0.011574 
9.46508e-06 -107.059 1.94395e+09 -103.818 209.618 -361371 679500 -184.65 16.7315 -83.4648 -419.991 -201.475 333.24 784.897 1851.96 -1164.23 393.219 -188.303 -596.837 -424.442 58.3454 179.89 189.073 -652.885 -1093.81 588.503 -134.597 -1011.97 -3294.76 375.25 381.818 853.661 -1137.79 -6753.06 -1276.63 -402.573 145.062 -2829.37 -1863.13 565.005 128.29 -187.665 -369.336 21.0912 509.322 372.154 -64.4919 -44.9004 20.4408 -23.4929 59.3516 224.138 106.387 -46.3829 11.715 
-3.16523e-08 0.00740546 -103.818 0.462465 -0.511453 -21.6855 4.8506 0.0192486 -0.00807875 0.0371425 0.00368242 0.0162369 0.132478 0.147733 -0.116459 -0.170167 0.0539688 -0.0592181 -0.050772 -0.000116664 -0.0147034 -0.0195957 0.0917649 0.159486 0.261443 0.20077 0.0292116 -0.437687 -0.427319 0.0108214 0.215294 -0.0183856 -0.617723 -1.39121 -1.1962 0.134412 0.166421 -0.495464 -0.185722 -0.44483 0.00802314 -0.0135378 0.0717369 -0.146451 -0.178882 -0.0612513 -0.00690829 -0.0111223 -0.0197773 -0.0328184 -0.0467491 -0.0980657 -0.0685809 -0.0279266 -0.000410107 
1.0031e-08 -0.00483252 209.618 -0.511453 0.852083 -44.4304 23.2819 0.0294231 -0.0303488 -0.00719371 0.0713364 -0.0079329 -0.159367 -0.242626 0.0376404 0.300822 -0.0952621 0.0462265 0.154023 0.0250397 0.0494351 0.00907394 0.000826001 -0.227853 -0.347478 -0.135562 -0.0791956 0.0966757 0.596716 0.145006 -0.17975 -0.0110674 -0.0360535 1.61622 1.47933 -0.0932391 -0.136552 0.328512 0.28006 0.0556012 -0.148096 0.082769 -0.125691 0.00190911 0.322038 0.0675803 0.0310936 0.010392 0.0374745 0.00908616 0.0596658 0.0753998 0.0299256 -0.00133435 -0.0342331 
-8.57673e-06 -182.758 -361371 -21.6855 -44.4304 511462 -215236 -206.196 259.053 20.8503 -31.9445 -2.47455 57.7756 -106.055 -44.4564 -8.86715 10.1065 -5.92183 61.6148 37.6682 3.74692 -28.6184 21.5468 13.3006 25.9582 -34.5511 -12.7239 -1.8308 -81.8815 -1.13312 25.0775 54.6391 141.41 265.527 61.4799 -35.01 -27.4717 29.3406 220.971 171.204 -31.0539 -16.5018 62.7203 20.9615 1.42714 -26.9013 0.631208 4.26025 -2.51926 -13.2855 -29.2693 -48.0861 -45.9261 2.50588 -18.7707 
4.0228e-06 41.3211 679500 4.8506 23.2819 -215236 223691 9.1955 -222.125 -42.91 13.0197 -1.81426 -84.8241 95.7673 79.5724 -6.18763 -7.28268 -1.74494 -44.4726 -11.3779 -9.44722 25.2526 40.992 -4.73837 -27.9385 34.1309 18.5512 24.5135 61.4296 -34.0832 -54.2832 -68.0808 -59.0407 -680.998 8.10614 29.7221 34.5506 -4.45628 -221.874 -74.8595 50.5381 8.18708 -102.416 -42.0347 7.01755 26.1824 -23.5311 -2.99992 -12.5397 -0.25982 38.475 35.9851 39.1093 -23.0265 11.2935 
4.65846e-10 -0.0415563 -184.65 0.0192486 0.0294231 -206.196 9.1955 0.264461 -0.0558014 0.0234645 0.0192686 0.000736572 0.0270714 0.0080675 -0.0464359 0.0164239 -0.00291359 0.00814361 -0.0311075 -0.0137983 0.00648517 0.00534779 -0.0625635 -0.011378 0.00541035 0.000456866 -0.0084651 -0.0290783 0.042404 0.0333911 0.0291572 0.00653422 -0.0577022 0.414897 -0.0753688 0.00605953 -0.00602262 -0.0350886 0.033357 -0.0718706 -0.0151579 0.00169338 0.0425202 0.0276614 -0.00767963 0.0113619 0.0139859 -0.00336149 0.0103206 0.00972144 -0.015279 0.0025162 -0.000311184 0.0224031 0.000958445 
-3.62908e-09 -0.00423281 16.7315 -0.00807875 -0.0303488 259.053 -222.125 -0.0558014 0.250431 0.0441758 -0.0157059 0.00235663 0.0881495 -0.103673 -0.0772676 0.00360391 0.00809307 0.000442283 0.0546811 0.0117657 0.0100074 -0.0289516 -0.0364126 0.00671202 0.0282406 -0.0367087 -0.0187285 -0.0222226 -0.0772778 0.0330913 0.0550578 0.0742589 0.0655883 0.680978 0.000769798 -0.032974 -0.0364485 0.010088 0.227889 0.0853278 -0.0535122 -0.00795525 0.104413 0.0405943 -0.00684874 -0.0304078 0.02346 0.00397147 0.0133722 -0.000354023 -0.0386204 -0.0374988 -0.0410052 0.021638 -0.0123129 
8.76273e-08 0.0228154 -83.4648 0.0371425 -0.00719371 20.8503 -42.91 0.0234645 0.0441758 7.21563 0.0469938 -0.43039 0.0578577 -0.139461 -0.0460667 0.132535 0.0583413 -0.0527622 -0.0464201 -0.225335 -0.107945 -0.0392533 0.0973901 -0.0648427 -0.0225916 0.0186336 -0.0204354 -0.0605293 -0.349728 0.0608987 0.00600818 0.0633421 -0.370138 1.17732 -0.32128 0.0486544 0.100383 -0.218441 0.536255 -0.189712 0.0566251 0.0374888 0.0831924 0.0416075 -0.190945 0.498292 -0.624242 -0.0892508 -0.111778 -0.133775 0.019369 -0.0200141 0.025712 0.054582 -0.106369 
-1.77014e-08 0.0282803 -419.991 0.00368242 0.0713364 -31.9445 13.0197 0.0192686 -0.0157059 0.0469938 8.77801 -0.270733 0.0444264 -0.186701 -0.268167 0.123728 0.152405 -0.078915 -0.0375954 -0.0986852 0.0468233 -0.231212 0.0685918 0.0682424 0.0574913 0.0414491 0.019628 0.0250752 0.209844 0.0117567 -0.0294498 -0.0181435 -0.555577 3.01987 -0.0470092 0.0478405 0.0432251 -0.00963488 0.766558 -0.0147174 0.0786362 0.182424 0.150061 0.1607 -0.154383 0.529967 -0.43541 0.00924041 0.113112 -0.072252 0.00826116 -0.154907 -0.0816409 0.0968317 0.3592 
1.07221e-07 0.011148 -201.475 0.0162369 -0.0079329 -2.47455 -1.81426 0.000736572 0.00235663 -0.43039 -0.270733 5.18611 -0.697892 -0.66972 -0.0834681 0.296554 0.104595 -0.00102901 0.0301106 -0.150914 0.238901 -0.244006 -0.0906844 -0.0555013 0.193984 -0.0276458 0.0263121 0.178499 0.168716 -0.0333736 -0.0135843 0.119519 -0.0263061 0.67684 0.224053 -0.00567844 -0.067837 0.134796 0.163405 -0.248152 0.168641 0.0778964 0.136067 0.0840842 0.145749 -0.0080576 0.203932 0.183765 0.211865 0.121112 0.206658 0.251273 0.24898 0.0744432 0.213301 
2.83766e-08 0.00778142 333.24 0.132478 -0.159367 57.7756 -84.8241 0.0270714 0.0881495 0.0578577 0.0444264 -0.697892 13.0333 -3.36427 -2.98329 -1.09428 -0.0715356 -0.0299648 0.178037 0.198028 0.128372 -0.118287 0.0394422 -0.235055 0.237554 -0.0110009 0.143555 0.0627608 0.101052 0.0621277 0.171874 0.115161 -0.0627324 0.94243 -0.112487 -0.0149749 -0.0145127 0.073906 1.34964 -0.458413 -0.241985 -0.0112722 0.185763 -0.0321073 0.22095 0.00227442 -0.0355069 0.0367335 0.0692942 0.00827148 0.0729566 -0.00730376 0.0455611 0.0541651 -0.159945 
-2.29822e-08 0.0295277 784.897 0.147733 -0.242626 -106.055 95.7673 0.0080675 -0.103673 -0.139461 -0.186701 -0.66972 -3.36427 15.7052 -5.66037 -2.06665 -0.20756 0.0361646 -0.638015 -0.231994 0.0269252 0.280238 0.194266 0.239388 -0.181504 0.0710102 -0.0278884 -0.209828 0.0830195 0.089763 0.0378899 -0.194822 0.153209 -0.951486 -0.744826 0.0569284 0.0368577 -0.0714519 -0.699043 -0.23847 0.12999 0.173992 -0.290486 -0.184317 -0.0910206 0.501742 -0.324214 -0.0213128 0.0253517 -0.0432583 -0.0868256 -0.065628 -0.0847911 0.0684412 -0.157918 
2.16478e-07 0.0176891 1851.96 -0.116459 0.0376404 -44.4564 79.5724 -0.0464359 -0.0772676 -0.0460667 -0.268167 -0.0834681 -2.98329 -5.66037 49.1317 -3.0049 -0.468361 -0.0645012 -0.867749 -0.471129 0.0367908 0.382306 -0.324406 0.0310821 -0.478033 0.189804 -0.305941 0.0487329 -0.760498 0.0563491 -0.201958 -0.210273 -0.37796 -4.19213 3.20339 -0.0590136 0.114612 -0.463614 0.425385 0.0697886 0.17133 0.23681 -0.0521433 0.394016 0.0105874 0.462889 -0.135452 0.132493 0.212392 0.100259 0.47213 0.556173 0.460014 0.0248015 0.0407821 
1.06374e-08 0.00402263 -1164.23 -0.170167 0.300822 -8.86715 -6.18763 0.0164239 0.00360391 0.132535 0.123728 0.296554 -1.09428 -2.06665 -3.0049 8.99236 -0.611134 -0.20826 0.168037 0.41504 0.0129505 0.0970915 -0.233607 0.0505259 0.0264652 0.0349721 0.0828159 0.162752 0.531371 -0.0747511 0.0110254 -0.0389273 -0.225242 2.78073 -0.0430912 0.0282807 0.0114328 0.201247 0.207401 0.00878444 -0.0515631 -0.0474697 -0.148351 -0.0351327 0.133128 0.153717 -0.0883433 0.0039811 0.0788182 0.07308 0.115243 0.172871 0.17387 0.136185 -0.257928 
2.51498e-08 -0.00567955 393.219 0.0539688 -0.0952621 10.1065 -7.28268 -0.00291359 0.00809307 0.0583413 0.152405 0.104595 -0.0715356 -0.20756 -0.468361 -0.611134 5.08198 -1.35503 -0.530464 -0.0237407 0.216034 0.0953392 0.0819898 -0.0386027 0.054538 -0.0490042 0.0434442 0.00797673 0.085029 0.0610397 0.0260709 -0.162709 0.375816 0.0405099 -0.0607834 0.0165461 -0.0316107 0.231508 0.061876 -0.2189 -0.00329835 0.0145911 0.0419999 -0.0436061 0.0879772 0.0812809 -0.0671307 0.0382137 0.0492004 0.0482916 0.0468916 0.0760824 0.0725699 -0.00183203 -0.0923654 
3.40932e-08 0.000226248 -188.303 -0.0592181 0.0462265 -5.92183 -1.74494 0.00814361 0.000442283 -0.0527622 -0.078915 -0.00102901 -0.0299648 0.0361646 -0.0645012 -0.20826 -1.35503 2.40801 -1.00439 -0.266444 -0.00573974 0.0989889 0.0492607 0.0921267 0.0507591 -0.0557086 0.0346929 0.135114 0.322478 0.0108523 -0.0572296 0.01446 0.0727169 1.17056 0.18164 -0.0183111 -0.0650684 0.265856 -0.265313 -0.040374 0.0517348 0.0408186 0.0521372 0.0924788 0.059505 -0.120591 0.284404 0.0554917 0.0850377 0.123684 0.102868 0.161627 0.131514 0.0354479 0.213623 
-8.2865e-08 0.0271421 -596.837 -0.050772 0.154023 61.6148 -44.4726 -0.0311075 0.0546811 -0.0464201 -0.0375954 0.0301106 0.178037 -0.638015 -0.867749 0.168037 -0.530464 -1.00439 17.259 -0.959046 -0.414072 -0.145921 0.334 0.137499 -0.0992748 -0.120758 0.0564539 -0.12447 -0.928862 0.168098 0.214224 -0.271012 0.560916 -2.36135 -0.390377 0.0430595 -0.0478262 0.0459579 1.78371 -0.507839 -0.251746 0.25588 -0.112592 -0.390668 -0.214779 0.453637 -0.373391 0.0235505 0.0275496 -0.119386 -0.181284 -0.309834 -0.303418 -0.114671 -0.25427 
9.9004e-08 -0.0555343 -424.442 -0.000116664 0.0250397 37.6682 -11.3779 -0.0137983 0.0117657 -0.225335 -0.0986852 -0.150914 0.198028 -0.231994 -0.471129 0.41504 -0.0237407 -0.266444 -0.959046 11.8344 -0.614009 0.166339 0.136227 -0.0221137 0.325681 -0.122456 -0.0543616 -0.0935945 0.299711 0.0155592 0.0717486 0.0308399 0.784628 -1.98819 -0.169003 0.0707207 -0.167851 0.0273497 0.0615054 -0.544852 0.15606 0.0945664 0.195377 -0.213637 0.141542 0.113245 -0.0687561 0.0650183 -0.0791109 -0.0700259 0.0861023 0.185084 0.268154 0.125055 0.256488 
5.07522e-08 0.0066876 58.3454 -0.0147034 0.0494351 3.74692 -9.44722 0.00648517 0.0100074 -0.107945 0.0468233 0.238901 0.128372 0.0269252 0.0367908 0.0129505 0.216034 -0.00573974 -0.414072 -0.614009 2.55561 0.296992 0.0763587 0.0943343 0.0618136 -0.0661137 -0.0220937 -0.00637986 0.175871 0.0579492 0.0439816 0.119421 -0.0330579 0.734798 0.0865043 -0.0263329 -0.0395398 0.0511309 0.254576 -0.0401191 0.0244225 -0.00308452 0.051933 0.0679719 0.126625 -0.169197 0.536755 0.0843251 0.108898 0.133684 0.161318 0.232522 0.183789 0.0525715 0.0097157 
1.05639e-07 -0.0104568 179.89 -0.0195957 0.00907394 -28.6184 25.2526 0.00534779 -0.0289516 -0.0392533 -0.231212 -0.244006 -0.118287 0.280238 0.382306 0.0970915 0.0953392 0.0989889 -0.145921 0.166339 0.296992 10.2446 -0.0860562 -0.174835 0.136668 -0.142139 -0.17585 -0.0636777 0.76077 -0.151252 -0.0443231 0.315161 0.273569 -1.19575 0.466311 0.106693 -0.0939449 0.199001 -0.229305 0.498957 0.0831508 0.102499 0.0565482 -0.0154096 0.337084 -0.359115 0.764478 0.103674 0.106581 0.227766 0.242027 0.411533 0.3961 0.217703 0.157165 
1.08551e-07 -0.0417337 189.073 0.0917649 0.000826001 21.5468 40.992 -0.0625635 -0.0364126 0.0973901 0.0685918 -0.0906844 0.0394422 0.194266 -0.324406 -0.233607 0.0819898 0.0492607 0.334 0.136227 0.0763587 -0.0860562 14.6629 -0.0754273 -0.433035 -0.208837 -0.188709 -0.0741242 -0.28346 -0.322005 -0.093698 0.0201786 0.576034 -0.120546 -0.438816 0.197659 -0.0730035 0.121476 0.924109 0.318896 0.292915 0.0520211 -0.326892 0.0377318 0.235812 0.125874 -0.223769 0.188366 0.0904161 0.0812599 0.185022 0.36958 0.321983 0.0381797 -0.225644 
5.22357e-09 -0.00117375 -652.885 0.159486 -0.227853 13.3006 -4.73837 -0.011378 0.00671202 -0.0648427 0.0682424 -0.0555013 -0.235055 0.239388 0.0310821 0.0505259 -0.0386027 0.0921267 0.137499 -0.0221137 0.0943343 -0.174835 -0.0754273 6.50391 -0.732421 -0.641921 -0.349361 -0.470289 0.0685188 -0.131503 0.0218604 0.0242148 0.362125 -1.56552 0.1952 0.0353219 0.0483836 0.204953 0.640816 0.286297 -0.0357249 0.0318117 0.412054 -0.0321423 0.260348 -0.304013 0.0813497 0.0151753 -0.0528738 0.0543368 -0.00670633 0.0469398 0.0482364 0.0195188 0.119204 
-1.05515e-07 -0.0147318 -1093.81 0.261443 -0.347478 25.9582 -27.9385 0.00541035 0.0282406 -0.0225916 0.0574913 0.193984 0.237554 -0.181504 -0.478033 0.0264652 0.054538 0.0507591 -0.0992748 0.325681 0.0618136 0.136668 -0.433035 -0.732421 5.47968 -2.03369 -1.12214 -0.364524 0.482313 -0.115734 0.113695 -0.186712 0.0763717 1.17367 0.201152 0.00667654 0.0748476 0.424077 0.987644 -0.220377 -0.0152282 0.0275394 0.0621642 -0.547886 -0.051371 0.127245 0.137044 0.0465317 -0.00199288 -0.038607 -0.192641 -0.300327 -0.203705 0.0375157 0.0462572 
-1.21804e-07 0.00461248 588.503 0.20077 -0.135562 -34.5511 34.1309 0.000456866 -0.0367087 0.0186336 0.0414491 -0.0276458 -0.0110009 0.0710102 0.189804 0.0349721 -0.0490042 -0.0557086 -0.120758 -0.122456 -0.0661137 -0.142139 -0.208837 -0.641921 -2.03369 5.17746 -3.40347 -2.38063 -1.614 -0.375619 0.0248583 0.288138 -0.627825 -1.44221 0.391194 0.132064 0.140453 -0.292244 -0.171191 -0.115568 0.0660986 0.101204 0.0391323 0.212159 0.116362 -0.0162266 0.10643 -0.00255767 0.0261233 -0.0629645 -0.122841 -0.203804 -0.173677 -0.0310721 0.0320952 
-1.0751e-08 0.00310066 -134.597 0.0292116 -0.0791956 -12.7239 18.5512 -0.0084651 -0.0187285 -0.0204354 0.019628 0.0263121 0.143555 -0.0278884 -0.305941 0.0828159 0.0434442 0.0346929 0.0564539 -0.0543616 -0.0220937 -0.17585 -0.188709 -0.349361 -1.12214 -3.40347 16.1714 -5.08268 -2.52698 -1.2306 -0.0352765 0.06997 0.00726445 -1.56769 -0.586324 -0.205007 0.239968 0.0493203 -1.38673 -0.0219714 0.0186816 0.0958227 -0.0957225 0.292704 0.0642931 -0.0358086 0.111805 0.0233121 0.0448641 0.0988375 -0.048765 0.0413821 -0.00206543 0.0291961 -0.00328572 
2.43008e-07 0.00186145 -1011.97 -0.437687 0.0966757 -1.8308 24.5135 -0.0290783 -0.0222226 -0.0605293 0.0250752 0.178499 0.0627608 -0.209828 0.0487329 0.162752 0.00797673 0.135114 -0.12447 -0.0935945 -0.00637986 -0.0636777 -0.0741242 -0.470289 -0.364524 -2.38063 -5.08268 30.6423 -2.59763 -1.09625 0.492481 -0.565544 1.73735 -3.16938 -1.52473 0.163867 -0.117303 0.0564188 -0.256006 1.53987 -0.268713 0.264336 -0.405177 0.198905 0.0117697 0.158427 0.0404004 0.116463 0.136316 0.190912 0.223781 0.257161 0.223362 0.0315865 -0.0373432 
1.13659e-06 -0.0421736 -3294.76 -0.427319 0.596716 -81.8815 61.4296 0.042404 -0.0772778 -0.349728 0.209844 0.168716 0.101052 0.0830195 -0.760498 0.531371 0.085029 0.322478 -0.928862 0.299711 0.175871 0.76077 -0.28346 0.0685188 0.482313 -1.614 -2.52698 -2.59763 153.768 -1.45547 0.403952 -2.74627 -0.873227 3.92531 -3.8092 -0.227291 -1.23711 0.529514 1.27405 -1.58401 -0.340312 -0.50451 -0.452173 0.537668 -0.459814 0.904269 -0.0916711 0.13314 0.347083 0.731334 1.40598 2.21009 1.57615 0.394718 -0.0734218 
3.78434e-07 0.0271016 375.25 0.0108214 0.145006 -1.13312 -34.0832 0.0333911 0.0330913 0.0608987 0.0117567 -0.0333736 0.0621277 0.089763 0.0563491 -0.0747511 0.0610397 0.0108523 0.168098 0.0155592 0.0579492 -0.151252 -0.322005 -0.131503 -0.115734 -0.375619 -1.2306 -1.09625 -1.45547 10.088 -3.29569 -1.75496 -0.774926 -2.10656 -0.105916 -0.174893 -0.0896363 0.0137719 1.47009 -0.351414 -0.0764836 -0.149361 -0.0593211 0.212349 0.0752671 -0.205402 0.144524 0.0504594 0.0214301 -0.00433192 0.00755519 -0.106079 -0.0423581 -0.00207302 0.0527594 
8.2354e-07 0.0142073 381.818 0.215294 -0.17975 25.0775 -54.2832 0.0291572 0.0550578 0.00600818 -0.0294498 -0.0135843 0.171874 0.0378899 -0.201958 0.0110254 0.0260709 -0.0572296 0.214224 0.0717486 0.0439816 -0.0443231 -0.093698 0.0218604 0.113695 0.0248583 -0.0352765 0.492481 0.403952 -3.29569 12.5632 -4.47837 -4.26752 -1.05346 -3.14859 -0.251077 0.109873 -0.427946 -1.90596 0.742275 -0.118439 0.0136028 -0.0456987 0.0316494 0.0762995 -0.109067 0.125391 0.0151037 -0.00949957 -0.0575206 -0.171407 -0.298544 -0.192595 -0.00662683 0.0124632 
1.69926e-06 0.0213717 853.661 -0.0183856 -0.0110674 54.6391 -68.0808 0.00653422 0.0742589 0.0633421 -0.0181435 0.119519 0.115161 -0.194822 -0.210273 -0.0389273 -0.162709 0.01446 -0.271012 0.0308399 0.119421 0.315161 0.0201786 0.0242148 -0.186712 0.288138 0.06997 -0.565544 -2.74627 -1.75496 -4.47837 46.3223 -7.82138 -7.70308 -9.12908 -0.600266 0.100405 -0.699315 -0.723859 1.12454 -0.0823082 0.0916202 -0.292065 -0.286098 -0.0392873 0.51684 -0.127901 -0.0153941 0.0297383 -0.135117 -0.475427 -0.446269 -0.284706 -0.0186204 -0.093445 
2.65852e-06 -0.14842 -1137.79 -0.617723 -0.0360535 141.41 -59.0407 -0.0577022 0.0655883 -0.370138 -0.555577 -0.0263061 -0.0627324 0.153209 -0.37796 -0.225242 0.375816 0.0727169 0.560916 0.784628 -0.0330579 0.273569 0.576034 0.362125 0.0763717 -0.627825 0.00726445 1.73735 -0.873227 -0.774926 -4.26752 -7.82138 130.99 -36.8242 -11.5412 -1.81088 -0.665591 1.14355 1.88113 1.49725 -0.499478 -0.71796 0.104549 0.838512 -0.240181 -0.247769 0.364632 -0.40494 -0.165102 -0.0192709 -0.773774 -0.233097 -0.297086 -0.150706 0.119175 
8.17297e-07 0.228334 -6753.06 -1.39121 1.61622 265.527 -680.998 0.414897 0.680978 1.17732 3.01987 0.67684 0.94243 -0.951486 -4.19213 2.78073 0.0405099 1.17056 -2.36135 -1.98819 0.734798 -1.19575 -0.120546 -1.56552 1.17367 -1.44221 -1.56769 -3.16938 3.92531 -2.10656 -1.05346 -7.70308 -36.8242 655.418 -10.2085 -3.2805 -1.88783 2.55439 -6.4056 -13.1372 -0.20465 -0.773619 -2.05347 -1.60896 0.420467 -0.800573 0.287861 1.00402 -0.104305 -0.424812 -0.469683 -2.86133 -1.62633 0.816156 -0.0988902 
6.87325e-07 -0.0422349 -1276.63 -1.1962 1.47933 61.4799 8.10614 -0.0753688 0.000769798 -0.32128 -0.0470092 0.224053 -0.112487 -0.744826 3.20339 -0.0430912 -0.0607834 0.18164 -0.390377 -0.169003 0.0865043 0.466311 -0.438816 0.1952 0.201152 0.391194 -0.586324 -1.52473 -3.8092 -0.105916 -3.14859 -9.12908 -11.5412 -10.2085 128.247 -3.88806 0.285341 0.505198 -3.44034 -2.32223 -0.231702 0.211178 -0.0395511 0.0953791 -0.126383 0.306543 0.0804024 0.154325 0.343677 0.53408 1.06523 1.27762 0.888646 0.114301 -0.0309062 
-9.97746e-08 0.00803941 -402.573 0.134412 -0.0932391 -35.01 29.7221 0.00605953 -0.032974 0.0486544 0.0478405 -0.00567844 -0.0149749 0.0569284 -0.0590136 0.0282807 0.0165461 -0.0183111 0.0430595 0.0707207 -0.0263329 0.106693 0.197659 0.0353219 0.00667654 0.132064 -0.205007 0.163867 -0.227291 -0.174893 -0.251077 -0.600266 -1.81088 -3.2805 -3.88806 9.03899 -3.05432 -2.60155 -0.0734071 -1.25026 -0.407151 -0.0555643 -0.119778 0.000969674 -0.0375103 0.12545 -0.016782 -0.00418972 -0.0770298 -0.05821 -0.0680131 -0.151422 -0.0710935 0.00222667 0.063052 
-7.15164e-08 -0.00024881 145.062 0.166421 -0.136552 -27.4717 34.5506 -0.00602262 -0.0364485 0.100383 0.0432251 -0.067837 -0.0145127 0.0368577 0.114612 0.0114328 -0.0316107 -0.0650684 -0.0478262 -0.167851 -0.0395398 -0.0939449 -0.0730035 0.0483836 0.0748476 0.140453 0.239968 -0.117303 -1.23711 -0.0896363 0.109873 0.100405 -0.665591 -1.88783 0.285341 -3.05432 5.08472 -4.80352 -3.6498 -0.850704 -0.328746 -0.127697 0.123689 0.00172106 0.0348462 0.06272 -0.124106 0.0113 -0.0182927 -0.133914 0.00647163 -0.230392 -0.117345 -0.0386254 -0.00631796 
3.92197e-07 0.00966825 -2829.37 -0.495464 0.328512 29.3406 -4.45628 -0.0350886 0.010088 -0.218441 -0.00963488 0.134796 0.073906 -0.0714519 -0.463614 0.201247 0.231508 0.265856 0.0459579 0.0273497 0.0511309 0.199001 0.121476 0.204953 0.424077 -0.292244 0.0493203 0.0564188 0.529514 0.0137719 -0.427946 -0.699315 1.14355 2.55439 0.505198 -2.60155 -4.80352 58.1192 -5.62198 -2.41212 0.174619 -0.349069 -0.237102 0.0452211 -0.335771 0.167463 -0.0948395 0.0979796 -0.0245165 0.236253 0.33026 0.484086 0.43601 0.176385 -0.00130692 
9.28143e-08 -0.127317 -1863.13 -0.185722 0.28006 220.971 -221.874 0.033357 0.227889 0.536255 0.766558 0.163405 1.34964 -0.699043 0.425385 0.207401 0.061876 -0.265313 1.78371 0.0615054 0.254576 -0.229305 0.924109 0.640816 0.987644 -0.171191 -1.38673 -0.256006 1.27405 1.47009 -1.90596 -0.723859 1.88113 -6.4056 -3.44034 -0.0734071 -3.6498 -5.62198 112.265 -1.78455 -1.92557 -0.346198 1.07999 0.247182 -0.171907 0.275782 -0.385848 0.00688823 0.732629 0.351762 0.114552 0.407645 0.184423 0.0327311 -0.910933 
-7.61292e-08 -0.154847 565.005 -0.44483 0.0556012 171.204 -74.8595 -0.0718706 0.0853278 -0.189712 -0.0147174 -0.248152 -0.458413 -0.23847 0.0697886 0.00878444 -0.2189 -0.040374 -0.507839 -0.544852 -0.0401191 0.498957 0.318896 0.286297 -0.220377 -0.115568 -0.0219714 1.53987 -1.58401 -0.351414 0.742275 1.12454 1.49725 -13.1372 -2.32223 -1.25026 -0.850704 -2.41212 -1.78455 74.0211 -1.37745 1.56461 -0.311886 0.387404 -0.0219518 0.616941 -0.288137 -0.205547 -0.156903 -0.181885 -0.322348 -0.582331 -0.288153 -0.213039 -0.385133 
5.81209e-09 -0.0211903 128.29 0.00802314 -0.148096 -31.0539 50.5381 -0.0151579 -0.0535122 0.0566251 0.0786362 0.168641 -0.241985 0.12999 0.17133 -0.0515631 -0.00329835 0.0517348 -0.251746 0.15606 0.0244225 0.0831508 0.292915 -0.0357249 -0.0152282 0.0660986 0.0186816 -0.268713 -0.340312 -0.0764836 -0.118439 -0.0823082 -0.499478 -0.20465 -0.231702 -0.407151 -0.328746 0.174619 -1.92557 -1.37745 7.0135 -2.22093 -0.700988 0.0521873 -0.166935 0.0112083 0.0108722 0.0883757 -0.026419 0.0407287 0.0385621 0.0129916 0.0190968 0.0701935 0.0583278 
-7.8072e-08 0.0253278 -187.665 -0.0135378 0.082769 -16.5018 8.18708 0.00169338 -0.00795525 0.0374888 0.182424 0.0778964 -0.0112722 0.173992 0.23681 -0.0474697 0.0145911 0.0408186 0.25588 0.0945664 -0.00308452 0.102499 0.0520211 0.0318117 0.0275394 0.101204 0.0958227 0.264336 -0.50451 -0.149361 0.0136028 0.0916202 -0.71796 -0.773619 0.211178 -0.0555643 -0.127697 -0.349069 -0.346198 1.56461 -2.22093 4.44014 -1.37479 -1.47929 -0.403812 -0.0459228 0.16743 0.0266651 0.0448034 0.0136666 -0.0508181 -0.0624842 -0.0401872 -0.00795754 -0.0326614 
-1.44111e-07 0.0067882 -369.336 0.0717369 -0.125691 62.7203 -102.416 0.0425202 0.104413 0.0831924 0.150061 0.136067 0.185763 -0.290486 -0.0521433 -0.148351 0.0419999 0.0521372 -0.112592 0.195377 0.051933 0.0565482 -0.326892 0.412054 0.0621642 0.0391323 -0.0957225 -0.405177 -0.452173 -0.0593211 -0.0456987 -0.292065 0.104549 -2.05347 -0.0395511 -0.119778 0.123689 -0.237102 1.07999 -0.311886 -0.700988 -1.37479 12.8781 -1.03148 -1.15717 0.00789933 0.0570624 0.0321677 0.135819 0.0273487 -0.0997589 -0.270324 -0.140956 0.0112924 -0.235039 
6.81837e-08 -0.00871336 21.0912 -0.146451 0.00190911 20.9615 -42.0347 0.0276614 0.0405943 0.0416075 0.1607 0.0840842 -0.0321073 -0.184317 0.394016 -0.0351327 -0.0436061 0.0924788 -0.390668 -0.213637 0.0679719 -0.0154096 0.0377318 -0.0321423 -0.547886 0.212159 0.292704 0.198905 0.537668 0.212349 0.0316494 -0.286098 0.838512 -1.60896 0.0953791 0.000969674 0.00172106 0.0452211 0.247182 0.387404 0.0521873 -1.47929 -1.03148 19.1074 -1.3418 0.0706972 -0.082203 0.0871512 0.0912845 0.0495999 -0.0389056 -0.27112 -0.134721 -0.0319601 -0.222952 
-1.89472e-08 -0.0125316 509.322 -0.178882 0.322038 1.42714 7.01755 -0.00767963 -0.00684874 -0.190945 -0.154383 0.145749 0.22095 -0.0910206 0.0105874 0.133128 0.0879772 0.059505 -0.214779 0.141542 0.126625 0.337084 0.235812 0.260348 -0.051371 0.116362 0.0642931 0.0117697 -0.459814 0.0752671 0.0762995 -0.0392873 -0.240181 0.420467 -0.126383 -0.0375103 0.0348462 -0.335771 -0.171907 -0.0219518 -0.166935 -0.403812 -1.15717 -1.3418 3.49641 0.0170602 0.298714 0.136412 0.0567778 0.0167165 -0.0931971 -0.137123 -0.0919399 0.0088159 0.260217 
1.97143e-07 -0.0089768 372.154 -0.0612513 0.0675803 -26.9013 26.1824 0.0113619 -0.0304078 0.498292 0.529967 -0.0080576 0.00227442 0.501742 0.462889 0.153717 0.0812809 -0.120591 0.453637 0.113245 -0.169197 -0.359115 0.125874 -0.304013 0.127245 -0.0162266 -0.0358086 0.158427 0.904269 -0.205402 -0.109067 0.51684 -0.247769 -0.800573 0.306543 0.12545 0.06272 0.167463 0.275782 0.616941 0.0112083 -0.0459228 0.00789933 0.0706972 0.0170602 10.5438 -1.0015 0.0160009 0.182922 0.107915 0.1385 0.310246 0.247298 0.154761 -0.155223 
3.4545e-07 0.012078 -64.4919 -0.00690829 0.0310936 0.631208 -23.5311 0.0139859 0.02346 -0.624242 -0.43541 0.203932 -0.0355069 -0.324214 -0.135452 -0.0883433 -0.0671307 0.284404 -0.373391 -0.0687561 0.536755 0.764478 -0.223769 0.0813497 0.137044 0.10643 0.111805 0.0404004 -0.0916711 0.144524 0.125391 -0.127901 0.364632 0.287861 0.0804024 -0.016782 -0.124106 -0.0948395 -0.385848 -0.288137 0.0108722 0.16743 0.0570624 -0.082203 0.298714 -1.0015 5.94902 0.18743 -0.284247 0.258442 0.423689 0.585452 0.542017 0.0504015 0.516621 
4.57478e-07 0.00332566 -44.9004 -0.0111223 0.010392 4.26025 -2.99992 -0.00336149 0.00397147 -0.0892508 0.00924041 0.183765 0.0367335 -0.0213128 0.132493 0.0039811 0.0382137 0.0554917 0.0235505 0.0650183 0.0843251 0.103674 0.188366 0.0151753 0.0465317 -0.00255767 0.0233121 0.116463 0.13314 0.0504594 0.0151037 -0.0153941 -0.40494 1.00402 0.154325 -0.00418972 0.0113 0.0979796 0.00688823 -0.205547 0.0883757 0.0266651 0.0321677 0.0871512 0.136412 0.0160009 0.18743 3.06712 1.20157 0.513054 0.484624 0.709299 0.519222 -0.0320782 0.21833 
9.49182e-07 0.0263195 20.4408 -0.0197773 0.0374745 -2.51926 -12.5397 0.0103206 0.0133722 -0.111778 0.113112 0.211865 0.0692942 0.0253517 0.212392 0.0788182 0.0492004 0.0850377 0.0275496 -0.0791109 0.108898 0.106581 0.0904161 -0.0528738 -0.00199288 0.0261233 0.0448641 0.136316 0.347083 0.0214301 -0.00949957 0.0297383 -0.165102 -0.104305 0.343677 -0.0770298 -0.0182927 -0.0245165 0.732629 -0.156903 -0.026419 0.0448034 0.135819 0.0912845 0.0567778 0.182922 -0.284247 1.20157 5.87056 1.21921 1.35518 2.07819 1.45706 -0.0235737 0.268435 
1.84584e-06 0.0192391 -23.4929 -0.0328184 0.00908616 -13.2855 -0.25982 0.00972144 -0.000354023 -0.133775 -0.072252 0.121112 0.00827148 -0.0432583 0.100259 0.07308 0.0482916 0.123684 -0.119386 -0.0700259 0.133684 0.227766 0.0812599 0.0543368 -0.038607 -0.0629645 0.0988375 0.190912 0.731334 -0.00433192 -0.0575206 -0.135117 -0.0192709 -0.424812 0.53408 -0.05821 -0.133914 0.236253 0.351762 -0.181885 0.0407287 0.0136666 0.0273487 0.0495999 0.0167165 0.107915 0.258442 0.513054 1.21921 4.64301 2.78991 4.63067 3.43925 0.14209 0.14656 
3.04157e-06 0.0132575 59.3516 -0.0467491 0.0596658 -29.2693 38.475 -0.015279 -0.0386204 0.019369 0.00826116 0.206658 0.0729566 -0.0868256 0.47213 0.115243 0.0468916 0.102868 -0.181284 0.0861023 0.161318 0.242027 0.185022 -0.00670633 -0.192641 -0.122841 -0.048765 0.223781 1.40598 0.00755519 -0.171407 -0.475427 -0.773774 -0.469683 1.06523 -0.0680131 0.00647163 0.33026 0.114552 -0.322348 0.0385621 -0.0508181 -0.0997589 -0.0389056 -0.0931971 0.1385 0.423689 0.484624 1.35518 2.78991 6.52688 7.7298 5.74841 0.272913 0.243285 
5.01498e-06 0.0385156 224.138 -0.0980657 0.0753998 -48.0861 35.9851 0.0025162 -0.0374988 -0.0200141 -0.154907 0.251273 -0.00730376 -0.065628 0.556173 0.172871 0.0760824 0.161627 -0.309834 0.185084 0.232522 0.411533 0.36958 0.0469398 -0.300327 -0.203804 0.0413821 0.257161 2.21009 -0.106079 -0.298544 -0.446269 -0.233097 -2.86133 1.27762 -0.151422 -0.230392 0.484086 0.407645 -0.582331 0.0129916 -0.0624842 -0.270324 -0.27112 -0.137123 0.310246 0.585452 0.709299 2.07819 4.63067 7.7298 15.9346 9.65301 0.4231 0.305667 
3.77651e-06 0.027977 106.387 -0.0685809 0.0299256 -45.9261 39.1093 -0.000311184 -0.0410052 0.025712 -0.0816409 0.24898 0.0455611 -0.0847911 0.460014 0.17387 0.0725699 0.131514 -0.303418 0.268154 0.183789 0.3961 0.321983 0.0482364 -0.203705 -0.173677 -0.00206543 0.223362 1.57615 -0.0423581 -0.192595 -0.284706 -0.297086 -1.62633 0.888646 -0.0710935 -0.117345 0.43601 0.184423 -0.288153 0.0190968 -0.0401872 -0.140956 -0.134721 -0.0919399 0.247298 0.542017 0.519222 1.45706 3.43925 5.74841 9.65301 9.84083 0.345006 0.298022 
1.01135e-08 0.0064759 -46.3829 -0.0279266 -0.00133435 2.50588 -23.0265 0.0224031 0.021638 0.054582 0.0968317 0.0744432 0.0541651 0.0684412 0.0248015 0.136185 -0.00183203 0.0354479 -0.114671 0.125055 0.0525715 0.217703 0.0381797 0.0195188 0.0375157 -0.0310721 0.0291961 0.0315865 0.394718 -0.00207302 -0.00662683 -0.0186204 -0.150706 0.816156 0.114301 0.00222667 -0.0386254 0.176385 0.0327311 -0.213039 0.0701935 -0.00795754 0.0112924 -0.0319601 0.0088159 0.154761 0.0504015 -0.0320782 -0.0235737 0.14209 0.272913 0.4231 0.345006 2.48612 0.0550285 
