Casal2 (https://github.com/alistairdunn1/CASAL2)
Call: casal2 -m 
Date: Wed Sep 13 11:24:59 2023
Seed: 29498
Version: v23.07 (2023-07-11)
Copyright (c) 2017-2023, NIWA (www.niwa.co.nz)
Environment: User=doug.kinzey Machine=SWC-DKINZEY-D OS=Windows_NT PID=20304


*info[messages_encountered]
Values {string}
Setting the random number seed to 29498
Estimable parameters were set from the input configuration files
Initiating point estimate run mode
Estimation_phase 1
Estimation with the betadiff minimiser
*end

*mcmc_covariance[MCMCcovariance]
MCMC_covariance{matrix}
1.30999e+12 -2987.69 0.0202791 25055.5 71645.5 -5.99787 -1.89011 15860.3 51209.6 -18887.9 -3877.31 4797.97 6048.14 1684.4 1070.17 11252.2 16827.6 34873 1903.7 742.446 36215.2 8567.89 178.932 -441.424 -5280.57 -16811.1 -20121.6 -13467.7 -7574.25 -141564 -187607 -91333.5 -46008.5 -8591.9 -20409.3 -45932.5 -41886.3 -12315.4 -4505.33 -2182.94 -16827.6 -8171.72 -1285.07 -7546.28 -19870 -11811.3 -25856.9 -64567.6 -28043.7 -70281.6 -211898 -187945 -172969 76918 12972.9 
-2987.69 2.78861 1.99842e-06 -0.0970047 -0.0497907 0.00347208 -0.0027159 2.10509 -5.48667 -0.00780822 -0.00598755 -0.00361785 -0.00347428 -0.00427174 -0.00121447 -0.00268222 0.00185046 0.00016478 -0.00235484 0.00673017 -0.00410009 0.00256739 0.00643837 0.00328272 0.00881853 0.00743162 0.00229763 -6.16585e-06 0.000470924 -0.00468659 -0.00278149 -0.00118626 0.00101865 -0.000724785 0.000420859 0.000872656 0.00401933 -0.000103746 0.00177309 0.00297767 0.00333281 -0.00783782 -0.00303152 -0.00112025 0.00407548 0.00033497 -0.000968825 0.00247731 -0.00720243 -0.00462843 0.010743 -0.00429354 -0.00259801 -0.00758632 -0.00166495 
0.0202791 1.99842e-06 0.0025 -1.16232e-07 -1.98305e-07 3.11349e-09 -1.87792e-08 -4.36745e-07 -2.00317e-05 3.92382e-09 1.83828e-08 5.85343e-09 -2.67451e-08 -3.22485e-08 -1.99859e-08 4.58103e-08 -3.37492e-08 2.39413e-08 1.89087e-08 1.88825e-08 -1.59828e-09 -7.048e-09 4.14323e-10 6.45715e-08 1.11934e-07 3.07167e-08 3.01812e-08 2.71948e-08 1.26199e-08 -1.15005e-08 -1.87877e-08 -6.42846e-09 5.6003e-09 5.7986e-09 9.30044e-09 5.9185e-08 6.2905e-08 3.2328e-08 1.1649e-08 8.88012e-11 8.81375e-09 3.17328e-08 9.81326e-09 -7.20463e-10 -5.127e-08 -2.07825e-08 4.90138e-09 4.67603e-09 -2.82104e-09 4.34755e-09 5.44098e-09 -1.35376e-08 -5.28948e-09 -2.00623e-09 -3.96692e-09 
25055.5 -0.0970047 -1.16232e-07 8.10848 4.63749 -2.71803e-06 1.61995e-06 -0.989728 0.553454 -0.0352686 -0.0395857 -0.0354033 -0.0169791 0.00428592 0.0117619 0.00792786 0.0309647 0.0998372 -0.00799781 -0.0138334 -0.0490369 -0.0055634 -0.0747029 -0.109957 -0.240358 -0.322625 -0.0709483 0.0540518 0.000938472 -0.118988 -0.0843872 0.00376387 0.0353671 0.00790241 0.0237952 -0.0627257 -0.101049 0.0314257 0.00580027 0.0437873 0.11173 0.0303556 0.0285595 0.066861 0.0571491 0.0141391 -0.016068 0.0150142 -0.0164496 0.0218705 -0.0764239 0.0139182 0.0445268 0.0953353 0.0574626 
71645.5 -0.0497907 -1.98305e-07 4.63749 4.14425 8.4702e-07 3.70357e-06 -0.680574 0.513945 -0.0233202 -0.0373124 -0.00735799 0.0142164 0.0259133 0.0102309 -0.032926 0.0395121 0.0343547 -0.0198477 -0.0146273 -0.0550159 0.00818162 -0.0298565 0.0464075 0.0612023 0.0108259 0.0315494 0.0565925 -0.00314694 -0.06937 -0.0444175 -0.0057002 0.0159707 0.00085573 -0.00540167 -0.0310557 -0.0402791 0.00841187 -0.00229404 0.0235736 0.0699635 -0.0412807 0.00343978 0.0227973 -0.139876 0.00023946 -0.0218613 0.0068957 -0.0185398 0.0155473 -0.0607162 -0.00565189 0.0295887 0.0593503 0.0504143 
-5.99787 0.00347208 3.11349e-09 -2.71803e-06 8.4702e-07 0.003999 -4.13305e-07 0.00695592 -0.0100579 -4.69288e-06 -3.49729e-06 1.4827e-07 8.91263e-07 5.27041e-07 2.03515e-07 1.68696e-06 3.23397e-06 3.3149e-06 -5.35271e-07 -1.51948e-06 -9.27407e-06 1.85637e-06 2.52054e-07 1.17552e-06 2.5655e-06 2.48866e-06 1.39364e-06 6.6585e-07 1.02766e-07 1.34164e-06 1.36611e-06 6.15474e-07 2.26447e-07 6.24941e-08 1.4345e-07 -1.28895e-06 -2.49168e-06 -2.96929e-07 1.24579e-07 -9.74176e-08 6.29477e-07 1.53936e-06 1.03177e-06 5.48517e-07 2.24762e-06 -3.16227e-06 1.15344e-05 4.15623e-07 -1.08085e-06 6.5658e-07 1.14902e-06 9.10382e-07 9.42468e-07 3.86015e-07 8.44761e-06 
-1.89011 -0.0027159 -1.87792e-08 1.61995e-06 3.70357e-06 -4.13305e-07 0.006199 0.00791837 0.0452885 -1.30674e-06 -1.75101e-06 -1.54018e-07 1.21293e-06 1.1294e-06 3.97599e-07 2.01747e-06 2.84099e-06 1.33129e-06 -2.14018e-08 -1.455e-06 -9.93485e-06 4.20478e-07 5.08199e-07 3.09935e-07 1.31129e-06 9.2235e-07 6.35357e-07 3.68708e-07 5.89469e-08 4.19309e-07 5.39397e-07 3.6574e-07 4.27216e-08 4.4908e-08 7.84905e-08 -5.20544e-07 -7.70254e-07 -8.89011e-08 2.71336e-07 6.2778e-08 6.28505e-07 7.67338e-07 8.46024e-07 5.09392e-07 -1.78575e-07 -7.44577e-07 2.88139e-06 -2.93335e-07 -5.90269e-07 9.87618e-08 2.077e-07 5.02729e-07 1.65858e-07 1.97435e-07 6.05607e-06 
15860.3 2.10509 -4.36745e-07 -0.989728 -0.680574 0.00695592 0.00791837 9.86789 2.01117 -0.0192374 -0.00323911 0.00112403 -0.012542 -0.00164512 0.0020734 -0.00366092 -0.00403351 -0.0182653 0.00492182 0.00584466 -0.00542734 0.0037316 0.0281006 0.0150755 0.0203162 0.0420579 0.0115525 -0.00186054 5.93588e-05 -0.00986279 -0.0150509 -0.00686202 -0.00510717 -0.00433944 -0.000457019 0.0096395 0.0230495 -8.99772e-05 -0.00199553 -0.00212192 -0.00185434 -0.00559237 -0.0235017 -0.0165217 0.00893222 -0.00560648 -0.00548788 0.00509467 -0.0122651 -0.0214331 0.0466334 -0.0161297 -0.00832038 -0.0550424 -0.000257529 
51209.6 -5.48667 -2.00317e-05 0.553454 0.513945 -0.0100579 0.0452885 2.01117 59.3511 -0.0324708 0.00335531 -0.00181105 -0.017774 0.0272523 0.00945783 -0.000740241 -0.00260326 -0.00695611 -0.0143019 -0.00660673 -0.0195033 0.0142815 0.0117468 0.0110955 0.0124334 0.0476926 0.020462 0.0163377 0.00201187 -0.0367904 -0.0453305 -0.0166828 -0.00381443 -0.00554283 -0.00331604 0.0198158 0.0388376 0.00417899 -0.00656812 -0.00102488 0.0394493 -7.3359e-05 -0.0359511 -0.011043 -0.0249386 0.0114124 -0.0337539 -0.00299048 -0.0205766 -0.020684 0.0248976 -0.0180777 0.0131939 -0.0424804 0.0146054 
-18887.9 -0.00780822 3.92382e-09 -0.0352686 -0.0233202 -4.69288e-06 -1.30674e-06 -0.0192374 -0.0324708 0.142518 0.00150075 0.0119203 0.000756342 0.00228291 0.000415053 -0.00181107 -0.00177028 0.000234158 0.00142588 0.00357055 0.00255552 -0.000958309 -0.000627482 0.000873839 0.000332061 -3.10492e-05 -2.86596e-06 -0.000151733 0.000407396 0.000957581 0.00223674 0.00107599 0.000645046 -0.000164861 0.000452156 -0.00152659 -0.00361035 6.75665e-05 -0.000795864 0.000283807 -0.00406052 -0.00468994 -0.00128471 -0.000450584 0.0050129 -0.00556081 0.0144406 0.00216631 0.0035714 0.00661271 0.000141225 0.00303454 -0.000286893 -0.00414812 -0.000346177 
-3877.31 -0.00598755 1.83828e-08 -0.0395857 -0.0373124 -3.49729e-06 -1.75101e-06 -0.00323911 0.00335531 0.00150075 0.117055 0.00797441 0.000629402 0.00216857 0.00092445 -0.000792765 -0.00299538 0.00282406 0.00081677 0.00164175 -0.00379007 0.00205946 -0.000457666 -0.00272805 -0.0042275 -0.00449141 -0.00219679 -0.00145578 -0.000226173 -0.000313747 0.00038375 6.83293e-05 0.000106661 -0.000588574 -2.28378e-05 -0.00210628 -0.00337465 -0.000529629 -0.00109612 -0.000287417 -0.00606239 -0.00949602 -0.00300883 -0.00202856 0.00374132 -0.0052606 0.00919197 0.000569179 -0.00129242 0.0023926 -0.00260989 0.00248487 0.000444014 -0.00498781 -0.0137269 
4797.97 -0.00361785 5.85343e-09 -0.0354033 -0.00735799 1.4827e-07 -1.54018e-07 0.00112403 -0.00181105 0.0119203 0.00797441 0.202428 0.0154281 0.0126883 0.00276373 -0.00174736 -0.00210774 0.00152181 -0.000589389 0.00307574 -0.0170392 0.00666742 0.00154546 0.00284721 -0.00687579 -0.00189391 -0.00182492 -0.00214502 -0.000439829 -0.000715567 -0.000999623 -0.00143057 -0.000672397 -0.000373661 -0.000804742 -0.00118412 0.000447951 -0.000806662 -0.000798796 0.000463728 -0.0109658 -0.0150126 -0.00623433 -0.00382754 -0.0146435 -0.00148669 -0.0011856 -0.00784831 -0.00385676 0.00190982 -0.0049404 0.000578938 -0.0044733 -0.00627837 -0.00944987 
6048.14 -0.00347428 -2.67451e-08 -0.0169791 0.0142164 8.91263e-07 1.21293e-06 -0.012542 -0.017774 0.000756342 0.000629402 0.0154281 0.0896054 0.0264415 0.00984355 0.0203697 0.00863414 0.00704334 0.000728132 -0.00107166 -0.00706607 0.000386471 0.000297758 0.00311743 -0.00133498 -0.00128695 -0.00158669 -0.00100024 -0.000326055 -0.00227839 -0.00240543 -0.000911357 -0.000514329 -0.000260268 -0.000603815 -0.000859499 -0.000928248 -0.000679567 -0.00109492 0.000587914 0.000148769 -0.00411729 -0.00166651 -0.000979783 -0.0109656 -0.00189473 0.00257161 -0.00166959 -0.00158341 0.00106505 -0.00438369 0.000364759 -0.00211119 -0.00340792 0.00541838 
1684.4 -0.00427174 -3.22485e-08 0.00428592 0.0259133 5.27041e-07 1.1294e-06 -0.00164512 0.0272523 0.00228291 0.00216857 0.0126883 0.0264415 0.079282 0.0127493 0.0257119 0.0113437 0.00887277 0.003917 0.0012638 -0.0046556 -0.00252851 -7.99645e-05 -0.00122965 0.00347363 0.000777101 0.000364829 0.000357891 -0.000152441 -0.00194692 -0.00121483 7.35694e-05 -0.000266159 -8.81679e-05 -0.000137125 -0.000815186 -0.000878129 -0.000271478 -0.000161173 0.000620587 -0.00239269 -0.00656741 0.000489265 -1.32127e-07 -0.00422673 -0.00486221 0.00472545 -0.00101982 -0.00177441 0.000975579 -0.00119671 -0.000229576 -0.000510781 -0.00427022 0.0052074 
1070.17 -0.00121447 -1.99859e-08 0.0117619 0.0102309 2.03515e-07 3.97599e-07 0.0020734 0.00945783 0.000415053 0.00092445 0.00276373 0.00984355 0.0127493 0.0234873 0.0123641 0.006323 0.00609004 0.00200813 0.000913618 -0.0014071 -0.00115288 0.000624415 4.48242e-05 0.00213572 0.000453043 0.000582042 0.000228544 5.02863e-05 -0.000585769 -0.000448365 -3.66974e-05 -4.14601e-05 5.21639e-05 -0.000517421 -0.000771286 -0.00128983 -5.67192e-05 -0.000292352 0.000209936 -0.00155734 -0.00358053 -0.000395471 -0.000618916 -0.00235903 -0.00181772 0.00144067 -0.000969498 -0.000823916 0.000975732 -0.00196922 -8.30662e-06 -0.000688055 -0.0011912 0.00136176 
11252.2 -0.00268222 4.58103e-08 0.00792786 -0.032926 1.68696e-06 2.01747e-06 -0.00366092 -0.000740241 -0.00181107 -0.000792765 -0.00174736 0.0203697 0.0257119 0.0123641 0.128689 0.0253469 0.0267881 0.0025338 -0.00323659 -0.00324622 -0.00285019 0.00148905 -0.00579105 -0.00795518 -0.0111319 -0.00499532 -0.00244669 -0.000486389 -0.0023954 -0.00264416 -0.000607144 -0.000449537 -0.000521474 9.9524e-05 -0.00246365 -0.00340048 -0.000662978 -0.000302877 0.000207942 -1.7132e-05 0.000642756 0.00164188 0.000342836 -0.00228562 -0.0029259 0.00293611 -0.000830234 -0.00234506 -0.000701217 -0.00322877 -0.00113815 -0.00402586 -0.00654946 0.0104477 
16827.6 0.00185046 -3.37492e-08 0.0309647 0.0395121 3.23397e-06 2.84099e-06 -0.00403351 -0.00260326 -0.00177028 -0.00299538 -0.00210774 0.00863414 0.0113437 0.006323 0.0253469 0.244499 0.148666 0.0161429 0.00409792 -0.0155114 -0.00316696 -0.00176002 -0.000339628 -0.00210897 0.000726461 -0.00175261 -0.000880518 -0.000597876 -0.00524789 -0.00390162 -0.000812038 -0.00155029 -0.000440071 -0.000661294 -0.00214095 -0.0003453 -0.00184281 -0.000217714 0.00114278 -0.00294234 -0.00879246 -0.0028875 -0.00114959 -0.0132236 -0.00236038 -0.000184556 -0.00363909 -0.00292775 -0.00345797 -0.00384123 -0.00231382 -0.00383864 -1.25594e-05 0.00307256 
34873 0.00016478 2.39413e-08 0.0998372 0.0343547 3.3149e-06 1.33129e-06 -0.0182653 -0.00695611 0.000234158 0.00282406 0.00152181 0.00704334 0.00887277 0.00609004 0.0267881 0.148666 0.527964 0.0356253 0.0157871 0.00533389 -0.00428119 -0.00482281 -0.0110918 -0.0150649 -0.00885955 -0.00675837 -0.00365156 -0.00135983 -0.00910773 -0.00654426 -0.00278591 -0.00205278 -0.00106562 -0.000805115 -0.00288546 0.000737775 -0.00250549 0.000287899 0.00148815 -0.00818403 -0.016485 -0.00606106 -0.0035325 -0.0120589 0.000257303 -0.0161985 -0.00534515 -0.00649086 -0.00960485 -0.00728797 -0.00492156 -0.00631947 -0.00218261 -0.0171184 
1903.7 -0.00235484 1.89087e-08 -0.00799781 -0.0198477 -5.35271e-07 -2.14018e-08 0.00492182 -0.0143019 0.00142588 0.00081677 -0.000589389 0.000728132 0.003917 0.00200813 0.0025338 0.0161429 0.0356253 0.0621241 0.00663524 0.0103423 -0.000765602 -0.00166553 -0.00276599 -0.00028441 0.000854193 -0.000444256 6.40974e-05 0.000326964 -0.00174304 -0.00196753 0.000133098 -0.000440261 0.000177498 0.000217922 -0.000293509 0.000141584 -0.000264917 -0.000825449 0.000710479 0.000206578 -0.00330196 0.000620919 0.00128574 0.00421192 -0.00278548 0.0015268 -0.00192615 -0.000778 -0.000242459 -0.000804752 0.000151143 0.000686812 0.00157916 0.00164237 
742.446 0.00673017 1.88825e-08 -0.0138334 -0.0146273 -1.51948e-06 -1.455e-06 0.00584466 -0.00660673 0.00357055 0.00164175 0.00307574 -0.00107166 0.0012638 0.000913618 -0.00323659 0.00409792 0.0157871 0.00663524 0.087914 0.0227621 -0.00160534 -0.00114067 -0.000792043 -0.00602842 1.85544e-05 -0.000339674 -6.66959e-05 -0.000144346 -0.0010607 -0.00135025 -0.000424419 -0.000686471 0.000213541 5.83309e-05 0.000413259 0.00352854 0.000192608 -7.0826e-05 0.000818907 -0.00458983 -0.00670587 -0.00313678 -0.000445017 -0.00502163 -0.00102368 0.000912285 -0.00271159 0.00178745 0.00390713 6.28184e-05 -0.000202255 -0.00438265 -0.00410069 -0.00632232 
36215.2 -0.00410009 -1.59828e-09 -0.0490369 -0.0550159 -9.27407e-06 -9.93485e-06 -0.00542734 -0.0195033 0.00255552 -0.00379007 -0.0170392 -0.00706607 -0.0046556 -0.0014071 -0.00324622 -0.0155114 0.00533389 0.0103423 0.0227621 0.414892 -0.0089026 -0.00261275 -0.00636257 -0.00468814 0.00417514 0.000418739 -0.00028091 -0.000440403 -0.0061746 -0.00803311 -0.00433786 -0.00176288 -0.000575788 -0.000743599 -0.000670511 0.000357339 -0.00062604 -0.00102591 -0.000146424 -0.00447872 -0.00285941 -0.00309227 -0.00287004 -0.0101687 0.00299527 -0.0344748 -0.00599955 -0.00568493 -0.0053394 -0.00804059 -0.0060694 -0.0061206 -0.00437505 0.00418932 
8567.89 0.00256739 -7.048e-09 -0.0055634 0.00818162 1.85637e-06 4.20478e-07 0.0037316 0.0142815 -0.000958309 0.00205946 0.00666742 0.000386471 -0.00252851 -0.00115288 -0.00285019 -0.00316696 -0.00428119 -0.000765602 -0.00160534 -0.0089026 0.100798 0.00143224 0.00678154 0.00425543 0.0107508 0.00477149 0.00195187 -0.000441374 0.0020939 -0.000502911 -0.00151435 -0.000625984 6.47771e-05 -0.000786087 -0.00311267 -0.00210342 -0.000929844 -0.000173062 -0.00094037 -0.00431808 -0.00723106 -0.00306871 -0.00189704 -0.0133825 0.0028752 -0.0114428 -0.00158712 -0.00143917 -0.00251431 -0.000172612 -0.00134949 -0.00365714 -0.00780971 -0.00215842 
178.932 0.00643837 4.14323e-10 -0.0747029 -0.0298565 2.52054e-07 5.08199e-07 0.0281006 0.0117468 -0.000627482 -0.000457666 0.00154546 0.000297758 -7.99645e-05 0.000624415 0.00148905 -0.00176002 -0.00482281 -0.00166553 -0.00114067 -0.00261275 0.00143224 0.0706814 0.00687942 0.0171183 0.0193971 0.00758927 0.00259416 0.000349343 0.00549095 0.00191665 2.81184e-05 -0.00066929 -0.000114714 -0.000257027 -0.00271248 -0.00247601 -0.00110316 -0.000978603 -0.000853256 -0.00603222 -0.00575006 -0.000260687 -0.00173175 -0.00930237 -0.000452525 0.00188351 -0.00453637 6.22673e-05 0.000449868 0.00165631 -0.00112379 -0.00228519 -0.00237238 0.00381351 
-441.424 0.00328272 6.45715e-08 -0.109957 0.0464075 1.17552e-06 3.09935e-07 0.0150755 0.0110955 0.000873839 -0.00272805 0.00284721 0.00311743 -0.00122965 4.48242e-05 -0.00579105 -0.000339628 -0.0110918 -0.00276599 -0.000792043 -0.00636257 0.00678154 0.00687942 0.183046 0.0760292 0.0920108 0.0355049 0.0156302 0.000769436 0.0137715 0.00332362 -0.000255224 -0.000976289 0.000162268 -0.00214701 -0.00630832 -0.0114478 -0.00376133 -0.0024063 -0.00168539 -0.00740942 -0.0178521 -0.0103456 -0.00462595 -0.0347216 0.003986 -0.00460788 -0.0017146 0.00103285 -0.00404065 0.00561135 -0.00104822 4.95288e-05 -0.00385213 -0.00488189 
-5280.57 0.00881853 1.11934e-07 -0.240358 0.0612023 2.5655e-06 1.31129e-06 0.0203162 0.0124334 0.000332061 -0.0042275 -0.00687579 -0.00133498 0.00347363 0.00213572 -0.00795518 -0.00210897 -0.0150649 -0.00028441 -0.00602842 -0.00468814 0.00425543 0.0171183 0.0760292 0.314652 0.220451 0.0844248 0.0337863 0.00224044 0.0298844 0.00760831 0.00124415 -0.000934648 -0.000252073 -0.00355923 -0.00946649 -0.0209255 -0.00671521 -0.00408251 -0.00185924 -0.00941318 -0.022213 -0.00562421 -0.00127938 -0.0326863 -0.00376419 -0.014061 -0.00525587 -0.00353127 -0.00815068 0.0123813 0.00244864 0.0043846 -0.00745719 -0.00277234 
-16811.1 0.00743162 3.07167e-08 -0.322625 0.0108259 2.48866e-06 9.2235e-07 0.0420579 0.0476926 -3.10492e-05 -0.00449141 -0.00189391 -0.00128695 0.000777101 0.000453043 -0.0111319 0.000726461 -0.00885955 0.000854193 1.85544e-05 0.00417514 0.0107508 0.0193971 0.0920108 0.220451 0.427424 0.131721 0.0569546 0.00583665 0.0492606 0.0146059 0.00195942 8.8993e-05 0.000627079 -0.00325412 -0.0113037 -0.0238397 -0.00603513 -0.00287135 -0.00241519 -0.0165517 -0.0366064 -0.00998132 -0.0107981 -0.0507867 -0.00151348 -0.0178484 -0.00354425 -0.00562718 -0.00850367 0.0151415 0.00266704 0.00693233 -0.00834249 -0.00415973 
-20121.6 0.00229763 3.01812e-08 -0.0709483 0.0315494 1.39364e-06 6.35357e-07 0.0115525 0.020462 -2.86596e-06 -0.00219679 -0.00182492 -0.00158669 0.000364829 0.000582042 -0.00499532 -0.00175261 -0.00675837 -0.000444256 -0.000339674 0.000418739 0.00477149 0.00758927 0.0355049 0.0844248 0.131721 0.10935 0.030296 0.00325133 0.0279841 0.00993209 0.00285175 0.000889538 0.000596656 -8.41021e-05 -0.00166046 -0.00887842 -0.0019144 -0.000294674 -0.000683157 -0.00427468 -0.0134619 -0.00264775 -0.00424536 -0.0185415 -0.000299383 -0.00745945 -0.00127015 -0.00214932 -0.00450291 0.00884316 0.00266954 0.00462519 -0.00477479 -0.000681056 
-13467.7 -6.16585e-06 2.71948e-08 0.0540518 0.0565925 6.6585e-07 3.68708e-07 -0.00186054 0.0163377 -0.000151733 -0.00145578 -0.00214502 -0.00100024 0.000357891 0.000228544 -0.00244669 -0.000880518 -0.00365156 6.40974e-05 -6.66959e-05 -0.00028091 0.00195187 0.00259416 0.0156302 0.0337863 0.0569546 0.030296 0.0441808 0.00180013 0.0127283 0.00322475 0.00201389 0.000597495 0.000492246 0.00061958 -0.00176128 -0.00379259 -0.000383976 -0.000151 -0.000379268 0.000422958 -0.00579983 2.41023e-05 -0.00108612 -0.00646623 -0.000374739 -0.00317661 -0.00112297 -0.00112378 -0.00176413 0.00242676 0.00256778 0.00296845 -0.00159955 0.000595196 
-7574.25 0.000470924 1.26199e-08 0.000938472 -0.00314694 1.02766e-07 5.89469e-08 5.93588e-05 0.00201187 0.000407396 -0.000226173 -0.000439829 -0.000326055 -0.000152441 5.02863e-05 -0.000486389 -0.000597876 -0.00135983 0.000326964 -0.000144346 -0.000440403 -0.000441374 0.000349343 0.000769436 0.00224044 0.00583665 0.00325133 0.00180013 0.00680368 0.00305465 0.00171066 0.00120353 0.00047717 0.000103148 0.00052299 0.00176674 0.00285678 0.000382118 0.000105751 0.000208063 0.00137174 0.00165951 0.000642223 3.25789e-05 0.00160393 -0.00053568 4.3881e-05 8.13562e-05 6.30522e-05 0.000185886 0.000607358 0.000863099 0.000912938 -0.0012943 0.000111236 
-141564 -0.00468659 -1.15005e-08 -0.118988 -0.06937 1.34164e-06 4.19309e-07 -0.00986279 -0.0367904 0.000957581 -0.000313747 -0.000715567 -0.00227839 -0.00194692 -0.000585769 -0.0023954 -0.00524789 -0.00910773 -0.00174304 -0.0010607 -0.0061746 0.0020939 0.00549095 0.0137715 0.0298844 0.0492606 0.0279841 0.0127283 0.00305465 0.137902 0.0580761 0.0192502 0.00761864 0.0019032 0.00416115 0.0138349 0.0114468 0.00175944 -8.7349e-06 -0.000154548 0.0047776 0.00522281 0.00167369 -0.0015219 -0.00307834 0.0027729 -0.0025744 0.00376563 0.00209246 0.00492536 0.0238681 0.0232188 0.0184796 -0.0105177 -0.00349875 
-187607 -0.00278149 -1.87877e-08 -0.0843872 -0.0444175 1.36611e-06 5.39397e-07 -0.0150509 -0.0453305 0.00223674 0.00038375 -0.000999623 -0.00240543 -0.00121483 -0.000448365 -0.00264416 -0.00390162 -0.00654426 -0.00196753 -0.00135025 -0.00803311 -0.000502911 0.00191665 0.00332362 0.00760831 0.0146059 0.00993209 0.00322475 0.00171066 0.0580761 0.125365 0.0259717 0.0112846 0.002103 0.00677125 0.0186026 0.0162307 0.00349456 0.00256116 -0.000577239 0.00735151 0.00644253 0.00210654 0.000265849 0.000672561 0.00210045 0.000496802 0.00786439 0.00311196 0.00816616 0.0326454 0.0291409 0.0244321 -0.0119904 -0.00242323 
-91333.5 -0.00118626 -6.42846e-09 0.00376387 -0.0057002 6.15474e-07 3.6574e-07 -0.00686202 -0.0166828 0.00107599 6.83293e-05 -0.00143057 -0.000911357 7.35694e-05 -3.66974e-05 -0.000607144 -0.000812038 -0.00278591 0.000133098 -0.000424419 -0.00433786 -0.00151435 2.81184e-05 -0.000255224 0.00124415 0.00195942 0.00285175 0.00201389 0.00120353 0.0192502 0.0259717 0.0308356 0.00569203 0.00121339 0.00403318 0.00924243 0.00776443 0.00194369 0.000957953 9.4214e-05 0.00385302 0.00342161 0.00174053 0.00121905 0.00347936 -0.000349215 0.00153661 0.00413272 0.00136644 0.00428594 0.0169556 0.0136643 0.0116296 -0.00529509 -0.000406458 
-46008.5 0.00101865 5.6003e-09 0.0353671 0.0159707 2.26447e-07 4.27216e-08 -0.00510717 -0.00381443 0.000645046 0.000106661 -0.000672397 -0.000514329 -0.000266159 -4.14601e-05 -0.000449537 -0.00155029 -0.00205278 -0.000440261 -0.000686471 -0.00176288 -0.000625984 -0.00066929 -0.000976289 -0.000934648 8.8993e-05 0.000889538 0.000597495 0.00047717 0.00761864 0.0112846 0.00569203 0.010169 0.000928548 0.00208829 0.00602713 0.00570236 0.00111138 0.000436267 0.000319392 0.00362966 0.00395504 0.0010109 0.00063336 0.00273778 0.000478926 0.000104774 0.00303734 0.000742779 0.00195267 0.00891135 0.00654197 0.00618779 -0.00202289 -0.000497054 
-8591.9 -0.000724785 5.7986e-09 0.00790241 0.00085573 6.24941e-08 4.4908e-08 -0.00433944 -0.00554283 -0.000164861 -0.000588574 -0.000373661 -0.000260268 -8.81679e-05 5.21639e-05 -0.000521474 -0.000440071 -0.00106562 0.000177498 0.000213541 -0.000575788 6.47771e-05 -0.000114714 0.000162268 -0.000252073 0.000627079 0.000596656 0.000492246 0.000103148 0.0019032 0.002103 0.00121339 0.000928548 0.002 0.000508821 0.00202873 0.00228772 0.000367323 0.000265707 0.000389883 0.00103709 0.00124899 0.00061112 0.000394682 0.000812951 0.000180395 3.10268e-05 -0.000194658 0.000244717 0.000332381 0.000850488 0.00189794 0.00127176 -0.000835167 9.51029e-05 
-20409.3 0.000420859 9.30044e-09 0.0237952 -0.00540167 1.4345e-07 7.84905e-08 -0.000457019 -0.00331604 0.000452156 -2.28378e-05 -0.000804742 -0.000603815 -0.000137125 -0.000517421 9.9524e-05 -0.000661294 -0.000805115 0.000217922 5.83309e-05 -0.000743599 -0.000786087 -0.000257027 -0.00214701 -0.00355923 -0.00325412 -8.41021e-05 0.00061958 0.00052299 0.00416115 0.00677125 0.00403318 0.00208829 0.000508821 0.00908867 0.00684304 0.00504874 0.00113836 0.000732876 0.000622457 0.0024065 0.00224842 0.000833288 0.000608375 0.00358944 -0.000132541 0.00043448 0.000765473 0.000304318 0.000801027 0.00207389 0.00332392 0.00279684 -0.00119882 6.04721e-05 
-45932.5 0.000872656 5.9185e-08 -0.0627257 -0.0310557 -1.28895e-06 -5.20544e-07 0.0096395 0.0198158 -0.00152659 -0.00210628 -0.00118412 -0.000859499 -0.000815186 -0.000771286 -0.00246365 -0.00214095 -0.00288546 -0.000293509 0.000413259 -0.000670511 -0.00311267 -0.00271248 -0.00630832 -0.00946649 -0.0113037 -0.00166046 -0.00176128 0.00176674 0.0138349 0.0186026 0.00924243 0.00602713 0.00202873 0.00684304 0.170177 0.131546 0.0193357 0.00638161 0.00516786 0.0286995 0.0261443 0.00632237 0.00237425 0.0114919 -0.00301292 0.00287357 -0.00123373 0.00263036 0.00438633 0.00121484 0.0128043 0.00492374 -0.00376076 -0.0016711 
-41886.3 0.00401933 6.2905e-08 -0.101049 -0.0402791 -2.49168e-06 -7.70254e-07 0.0230495 0.0388376 -0.00361035 -0.00337465 0.000447951 -0.000928248 -0.000878129 -0.00128983 -0.00340048 -0.0003453 0.000737775 0.000141584 0.00352854 0.000357339 -0.00210342 -0.00247601 -0.0114478 -0.0209255 -0.0238397 -0.00887842 -0.00379259 0.00285678 0.0114468 0.0162307 0.00776443 0.00570236 0.00228772 0.00504874 0.131546 0.329441 0.034505 0.0137652 0.0073083 0.0419889 0.0398819 0.00616263 0.00296674 0.0120872 -0.0038636 0.00696523 -0.00380558 0.00194094 0.00879199 -0.00932715 0.0170809 0.00425043 -0.00280731 0.000691903 
-12315.4 -0.000103746 3.2328e-08 0.0314257 0.00841187 -2.96929e-07 -8.89011e-08 -8.99772e-05 0.00417899 6.75665e-05 -0.000529629 -0.000806662 -0.000679567 -0.000271478 -5.67192e-05 -0.000662978 -0.00184281 -0.00250549 -0.000264917 0.000192608 -0.00062604 -0.000929844 -0.00110316 -0.00376133 -0.00671521 -0.00603513 -0.0019144 -0.000383976 0.000382118 0.00175944 0.00349456 0.00194369 0.00111138 0.000367323 0.00113836 0.0193357 0.034505 0.0216426 0.00253867 0.00167615 0.00650388 0.00768927 0.00196517 0.00119834 0.00594147 -0.000612787 0.00137127 -0.000528725 0.000773024 0.000990275 -0.000334207 0.00323293 0.00120453 -0.00127552 0.000443796 
-4505.33 0.00177309 1.1649e-08 0.00580027 -0.00229404 1.24579e-07 2.71336e-07 -0.00199553 -0.00656812 -0.000795864 -0.00109612 -0.000798796 -0.00109492 -0.000161173 -0.000292352 -0.000302877 -0.000217714 0.000287899 -0.000825449 -7.0826e-05 -0.00102591 -0.000173062 -0.000978603 -0.0024063 -0.00408251 -0.00287135 -0.000294674 -0.000151 0.000105751 -8.7349e-06 0.00256116 0.000957953 0.000436267 0.000265707 0.000732876 0.00638161 0.0137652 0.00253867 0.00983 0.000657032 0.00539563 0.0047328 0.000433134 0.000453304 0.00242645 -0.000207441 0.000564959 0.00026004 -0.000960011 -0.000189784 0.000342659 0.000992403 0.000660163 -0.000272723 0.00213389 
-2182.94 0.00297767 8.88012e-11 0.0437873 0.0235736 -9.74176e-08 6.2778e-08 -0.00212192 -0.00102488 0.000283807 -0.000287417 0.000463728 0.000587914 0.000620587 0.000209936 0.000207942 0.00114278 0.00148815 0.000710479 0.000818907 -0.000146424 -0.00094037 -0.000853256 -0.00168539 -0.00185924 -0.00241519 -0.000683157 -0.000379268 0.000208063 -0.000154548 -0.000577239 9.4214e-05 0.000319392 0.000389883 0.000622457 0.00516786 0.0073083 0.00167615 0.000657032 0.0142895 0.0031118 -0.0031901 0.00025726 -0.000115078 0.000276898 -0.000950587 0.000854198 0.000625791 0.000144521 0.00047702 -0.000539038 0.00130766 0.000122098 0.00132012 0.00145667 
-16827.6 0.00333281 8.81375e-09 0.11173 0.0699635 6.29477e-07 6.28505e-07 -0.00185434 0.0394493 -0.00406052 -0.00606239 -0.0109658 0.000148769 -0.00239269 -0.00155734 -1.7132e-05 -0.00294234 -0.00818403 0.000206578 -0.00458983 -0.00447872 -0.00431808 -0.00603222 -0.00740942 -0.00941318 -0.0165517 -0.00427468 0.000422958 0.00137174 0.0047776 0.00735151 0.00385302 0.00362966 0.00103709 0.0024065 0.0286995 0.0419889 0.00650388 0.00539563 0.0031118 0.191919 0.115721 0.0277419 0.0135721 0.0403191 -0.000500571 -0.00392314 -0.00680885 0.000161652 -0.00275937 -0.00010417 0.00699875 0.00410914 -0.00407646 0.00237944 
-8171.72 -0.00783782 3.17328e-08 0.0303556 -0.0412807 1.53936e-06 7.67338e-07 -0.00559237 -7.3359e-05 -0.00468994 -0.00949602 -0.0150126 -0.00411729 -0.00656741 -0.00358053 0.000642756 -0.00879246 -0.016485 -0.00330196 -0.00670587 -0.00285941 -0.00723106 -0.00575006 -0.0178521 -0.022213 -0.0366064 -0.0134619 -0.00579983 0.00165951 0.00522281 0.00644253 0.00342161 0.00395504 0.00124899 0.00224842 0.0261443 0.0398819 0.00768927 0.0047328 -0.0031901 0.115721 0.328242 0.0522408 0.0343536 0.0858673 0.000460384 -0.011512 -0.00776518 -0.00321793 -0.00614279 0.00244247 0.00729302 0.00228901 -0.00154415 0.00536507 
-1285.07 -0.00303152 9.81326e-09 0.0285595 0.00343978 1.03177e-06 8.46024e-07 -0.0235017 -0.0359511 -0.00128471 -0.00300883 -0.00623433 -0.00166651 0.000489265 -0.000395471 0.00164188 -0.0028875 -0.00606106 0.000620919 -0.00313678 -0.00309227 -0.00306871 -0.000260687 -0.0103456 -0.00562421 -0.00998132 -0.00264775 2.41023e-05 0.000642223 0.00167369 0.00210654 0.00174053 0.0010109 0.00061112 0.000833288 0.00632237 0.00616263 0.00196517 0.000433134 0.00025726 0.0277419 0.0522408 0.0911788 0.0126235 0.045882 -0.000749777 -0.00380505 -0.00311503 -0.002891 -0.00349768 -0.000375079 0.00442444 0.000745183 -0.000186885 0.0055078 
-7546.28 -0.00112025 -7.20463e-10 0.066861 0.0227973 5.48517e-07 5.09392e-07 -0.0165217 -0.011043 -0.000450584 -0.00202856 -0.00382754 -0.000979783 -1.32127e-07 -0.000618916 0.000342836 -0.00114959 -0.0035325 0.00128574 -0.000445017 -0.00287004 -0.00189704 -0.00173175 -0.00462595 -0.00127938 -0.0107981 -0.00424536 -0.00108612 3.25789e-05 -0.0015219 0.000265849 0.00121905 0.00063336 0.000394682 0.000608375 0.00237425 0.00296674 0.00119834 0.000453304 -0.000115078 0.0135721 0.0343536 0.0126235 0.0590602 0.03454 -0.000463262 -0.00129876 -0.00278368 -0.00110546 -0.00212883 -0.00044509 0.00446563 0.00184197 0.00085215 0.00326833 
-19870 0.00407548 -5.127e-08 0.0571491 -0.139876 2.24762e-06 -1.78575e-07 0.00893222 -0.0249386 0.0050129 0.00374132 -0.0146435 -0.0109656 -0.00422673 -0.00235903 -0.00228562 -0.0132236 -0.0120589 0.00421192 -0.00502163 -0.0101687 -0.0133825 -0.00930237 -0.0347216 -0.0326863 -0.0507867 -0.0185415 -0.00646623 0.00160393 -0.00307834 0.000672561 0.00347936 0.00273778 0.000812951 0.00358944 0.0114919 0.0120872 0.00594147 0.00242645 0.000276898 0.0403191 0.0858673 0.045882 0.03454 0.355759 -0.00282552 -0.0118957 -0.0123479 -0.00182046 -0.00592362 0.00779081 0.00899068 0.00442308 -0.000692163 -0.0153449 
-11811.3 0.00033497 -2.07825e-08 0.0141391 0.00023946 -3.16227e-06 -7.44577e-07 -0.00560648 0.0114124 -0.00556081 -0.0052606 -0.00148669 -0.00189473 -0.00486221 -0.00181772 -0.0029259 -0.00236038 0.000257303 -0.00278548 -0.00102368 0.00299527 0.0028752 -0.000452525 0.003986 -0.00376419 -0.00151348 -0.000299383 -0.000374739 -0.00053568 0.0027729 0.00210045 -0.000349215 0.000478926 0.000180395 -0.000132541 -0.00301292 -0.0038636 -0.000612787 -0.000207441 -0.000950587 -0.000500571 0.000460384 -0.000749777 -0.000463262 -0.00282552 0.0983165 0.0145669 0.000238486 -0.00103861 -0.000283264 0.00325698 0.000268643 -0.00049388 -0.00628227 0.001842 
-25856.9 -0.000968825 4.90138e-09 -0.016068 -0.0218613 1.15344e-05 2.88139e-06 -0.00548788 -0.0337539 0.0144406 0.00919197 -0.0011856 0.00257161 0.00472545 0.00144067 0.00293611 -0.000184556 -0.0161985 0.0015268 0.000912285 -0.0344748 -0.0114428 0.00188351 -0.00460788 -0.014061 -0.0178484 -0.00745945 -0.00317661 4.3881e-05 -0.0025744 0.000496802 0.00153661 0.000104774 3.10268e-05 0.00043448 0.00287357 0.00696523 0.00137127 0.000564959 0.000854198 -0.00392314 -0.011512 -0.00380505 -0.00129876 -0.0118957 0.0145669 0.185718 -0.00963294 0.0175923 0.000607556 -0.00387699 0.0036671 -0.00314554 -0.00240604 -0.0210362 
-64567.6 0.00247731 4.67603e-09 0.0150142 0.0068957 4.15623e-07 -2.93335e-07 0.00509467 -0.00299048 0.00216631 0.000569179 -0.00784831 -0.00166959 -0.00101982 -0.000969498 -0.000830234 -0.00363909 -0.00534515 -0.00192615 -0.00271159 -0.00599955 -0.00158712 -0.00453637 -0.0017146 -0.00525587 -0.00354425 -0.00127015 -0.00112297 8.13562e-05 0.00376563 0.00786439 0.00413272 0.00303734 -0.000194658 0.000765473 -0.00123373 -0.00380558 -0.000528725 0.00026004 0.000625791 -0.00680885 -0.00776518 -0.00311503 -0.00278368 -0.0123479 0.000238486 -0.00963294 0.364041 -0.0669448 -0.0152124 0.00585902 0.00956983 0.00943104 0.00351091 -0.0126605 
-28043.7 -0.00720243 -2.82104e-09 -0.0164496 -0.0185398 -1.08085e-06 -5.90269e-07 -0.0122651 -0.0205766 0.0035714 -0.00129242 -0.00385676 -0.00158341 -0.00177441 -0.000823916 -0.00234506 -0.00292775 -0.00649086 -0.000778 0.00178745 -0.00568493 -0.00143917 6.22673e-05 0.00103285 -0.00353127 -0.00562718 -0.00214932 -0.00112378 6.30522e-05 0.00209246 0.00311196 0.00136644 0.000742779 0.000244717 0.000304318 0.00263036 0.00194094 0.000773024 -0.000960011 0.000144521 0.000161652 -0.00321793 -0.002891 -0.00110546 -0.00182046 -0.00103861 0.0175923 -0.0669448 0.19952 -0.0257522 -0.0120563 -0.00327735 0.00335776 0.00454971 -0.0100341 
-70281.6 -0.00462843 4.34755e-09 0.0218705 0.0155473 6.5658e-07 9.87618e-08 -0.0214331 -0.020684 0.00661271 0.0023926 0.00190982 0.00106505 0.000975579 0.000975732 -0.000701217 -0.00345797 -0.00960485 -0.000242459 0.00390713 -0.0053394 -0.00251431 0.000449868 -0.00404065 -0.00815068 -0.00850367 -0.00450291 -0.00176413 0.000185886 0.00492536 0.00816616 0.00428594 0.00195267 0.000332381 0.000801027 0.00438633 0.00879199 0.000990275 -0.000189784 0.00047702 -0.00275937 -0.00614279 -0.00349768 -0.00212883 -0.00592362 -0.000283264 0.000607556 -0.0152124 -0.0257522 0.330843 -0.0348142 -0.0352846 -0.0287653 -0.00436451 -6.32294e-05 
-211898 0.010743 5.44098e-09 -0.0764239 -0.0607162 1.14902e-06 2.077e-07 0.0466334 0.0248976 0.000141225 -0.00260989 -0.0049404 -0.00438369 -0.00119671 -0.00196922 -0.00322877 -0.00384123 -0.00728797 -0.000804752 6.28184e-05 -0.00804059 -0.000172612 0.00165631 0.00561135 0.0123813 0.0151415 0.00884316 0.00242676 0.000607358 0.0238681 0.0326454 0.0169556 0.00891135 0.000850488 0.00207389 0.00121484 -0.00932715 -0.000334207 0.000342659 -0.000539038 -0.00010417 0.00244247 -0.000375079 -0.00044509 0.00779081 0.00325698 -0.00387699 0.00585902 -0.0120563 -0.0348142 0.449215 -0.0929694 -0.073194 -0.0213148 -0.00721456 
-187945 -0.00429354 -1.35376e-08 0.0139182 -0.00565189 9.10382e-07 5.02729e-07 -0.0161297 -0.0180777 0.00303454 0.00248487 0.000578938 0.000364759 -0.000229576 -8.30662e-06 -0.00113815 -0.00231382 -0.00492156 0.000151143 -0.000202255 -0.0060694 -0.00134949 -0.00112379 -0.00104822 0.00244864 0.00266704 0.00266954 0.00256778 0.000863099 0.0232188 0.0291409 0.0136643 0.00654197 0.00189794 0.00332392 0.0128043 0.0170809 0.00323293 0.000992403 0.00130766 0.00699875 0.00729302 0.00442444 0.00446563 0.00899068 0.000268643 0.0036671 0.00956983 -0.00327735 -0.0352846 -0.0929694 0.231997 -0.0866016 -0.0142068 0.000413843 
-172969 -0.00259801 -5.28948e-09 0.0445268 0.0295887 9.42468e-07 1.65858e-07 -0.00832038 0.0131939 -0.000286893 0.000444014 -0.0044733 -0.00211119 -0.000510781 -0.000688055 -0.00402586 -0.00383864 -0.00631947 0.000686812 -0.00438265 -0.0061206 -0.00365714 -0.00228519 4.95288e-05 0.0043846 0.00693233 0.00462519 0.00296845 0.000912938 0.0184796 0.0244321 0.0116296 0.00618779 0.00127176 0.00279684 0.00492374 0.00425043 0.00120453 0.000660163 0.000122098 0.00410914 0.00228901 0.000745183 0.00184197 0.00442308 -0.00049388 -0.00314554 0.00943104 0.00335776 -0.0287653 -0.073194 -0.0866016 0.307913 -0.0158663 -0.00556729 
76918 -0.00758632 -2.00623e-09 0.0953353 0.0593503 3.86015e-07 1.97435e-07 -0.0550424 -0.0424804 -0.00414812 -0.00498781 -0.00627837 -0.00340792 -0.00427022 -0.0011912 -0.00654946 -1.25594e-05 -0.00218261 0.00157916 -0.00410069 -0.00437505 -0.00780971 -0.00237238 -0.00385213 -0.00745719 -0.00834249 -0.00477479 -0.00159955 -0.0012943 -0.0105177 -0.0119904 -0.00529509 -0.00202289 -0.000835167 -0.00119882 -0.00376076 -0.00280731 -0.00127552 -0.000272723 0.00132012 -0.00407646 -0.00154415 -0.000186885 0.00085215 -0.000692163 -0.00628227 -0.00240604 0.00351091 0.00454971 -0.00436451 -0.0213148 -0.0142068 -0.0158663 0.414613 -0.00312395 
12972.9 -0.00166495 -3.96692e-09 0.0574626 0.0504143 8.44761e-06 6.05607e-06 -0.000257529 0.0146054 -0.000346177 -0.0137269 -0.00944987 0.00541838 0.0052074 0.00136176 0.0104477 0.00307256 -0.0171184 0.00164237 -0.00632232 0.00418932 -0.00215842 0.00381351 -0.00488189 -0.00277234 -0.00415973 -0.000681056 0.000595196 0.000111236 -0.00349875 -0.00242323 -0.000406458 -0.000497054 9.51029e-05 6.04721e-05 -0.0016711 0.000691903 0.000443796 0.00213389 0.00145667 0.00237944 0.00536507 0.0055078 0.00326833 -0.0153449 0.001842 -0.0210362 -0.0126605 -0.0100341 -6.32294e-05 -0.00721456 0.000413843 -0.00556729 -0.00312395 0.267232 
*end

*info[messages_encountered]
Values {string}
Setting the random number seed to 29498
Estimable parameters were set from the input configuration files
Creating default report for catchability synop_biomass_q
Creating default report for catchability AMLR_q
Creating default report for catchability FsrvBiomass_q
Creating default report for derived quantity SSB
Creating default report for observation synop_biom
Creating default report for observation AMLRsrv
Creating default report for observation FsrvBiomass
Creating default report for observation ProportionAtLength_Fshry
Creating default report for observation ProportionAtLength_trawl
Creating default report for observation ProportionAtLength_German
Creating default report for process Recruitment
Creating default report for process Ageing
Creating default report for process Instantaneous_Mortality
Creating default report for selectivity MaturationSel
skipping the default report for Fsh_lf_Sel this is a length based selectivity. Create a seperate report for this
skipping the default report for AMLR_lf_Sel this is a length based selectivity. Create a seperate report for this
skipping the default report for AMLR_ac_Sel this is a length based selectivity. Create a seperate report for this
skipping the default report for Fsh_ac_Sel this is a length based selectivity. Create a seperate report for this
skipping the default report for synopSel this is a length based selectivity. Create a seperate report for this
Creating default report for selectivity One
The filename for the report 'objectives' has been modified to objectives.1 as the write_mode is incremental_suffix
The filename for the report 'samples' has been modified to samples.1 as the write_mode is incremental_suffix
Initiating MCMC run mode
Beginning MCMC iterations
Starting MCMC random_walk
Adapting step_size from 0.02 to 0.0695833 after 1000 iterations
Adapting step_size from 0.0695833 to 0.139457 after 2000 iterations
Adapting step_size from 0.139457 to 0.149528 after 5000 iterations
Adapting step_size from 0.149528 to 0.141055 after 10000 iterations
MCMC execution complete
*end

